,1,2,3,4,5,6,7,8,9,10,11,12,13,14,15,16,17,18,19,20,21,22,23,24,25,26,27,28,29,30,31,32,33,34,35,36,37,38,39,40,41,42,43,44,45,46,47,48,49,50,51,52,53,54,55,56,57,58,Sample,moisture_content,pH,N_prop,C_prop,NH4N_prop,Si04Si_prop,N02N_prop,PO4P_prop,NO3N_prop
1,1.0,-0.43299120715010053,-0.5816300810724104,0.5287673283684591,-0.33553937747611606,0.45921062539328744,-0.6496879055729914,-0.6406713878366131,0.8626861996868571,-0.509057864528599,0.48581904389900893,-0.7378048340240004,-0.21205990828477186,0.4574147433307667,-0.39834471407671873,-0.28520923833281336,0.9826180719856586,-0.2610165832515105,0.9512608270559398,0.3621456931430859,0.454795747200641,-0.47400332873174267,-0.5583007466135405,0.42996782186260274,-0.37132663965724544,-0.6179062441407154,-0.5097605232247197,-0.6070476433349863,-0.4155501106326501,0.43016252505338226,0.9887077892641488,0.9887963150895062,-0.7658623467246588,-0.22494642049442828,0.9365289925760106,-0.3127253552392316,-0.39078965604167876,-0.47711087372548966,-0.661007363269866,-0.6016841261051802,-0.31715416856442685,-0.7805993634348164,-0.511971344939629,-0.5646375961034714,-0.5267510582024861,-0.5387758455579215,-0.1466472565977853,-0.4634001012499666,0.9747703605988272,0.48891415136700306,-0.7268081728653492,-0.4533084988281892,0.49618736271160746,0.454156876357709,0.46214057472962156,-0.6875493449864235,0.4567884072338233,-0.5535354039878979,0.1401327520799727,0.3895491310343333,-0.34335586601332124,0.44840174287569395,0.46756126487158645,-0.2293584284399099,-0.2957544690941023,0.08572251680688127,-0.2531871678462242,-0.12147103037340075
2,-0.43299120715010053,1.0,0.035641569730771455,-0.4943571898051456,0.07604015578373635,-0.4827163823214396,0.23329088544369436,0.0851066530758766,-0.5516490405539317,0.1542961663193245,-0.4886657250795298,0.4493657432689592,-0.16400121714808652,-0.4891638648089807,0.34199829522987707,-0.19524044377127425,-0.45752958762585766,0.5533627997258187,-0.31563144232217694,-0.42894063614380534,-0.4949459356245287,-0.035991710775148573,0.6914861326754603,-0.4813679477613423,-0.2074377951752616,0.17003318158547392,-0.013593031117166138,0.7469024726604377,-0.16953905748956394,-0.4803185286509047,-0.4549368278347437,-0.43784850591911806,0.478238605444223,-0.13187713585947203,-0.4741024029447681,0.9744934900707172,0.1936324513926748,0.09461219061762295,0.6074977522467494,0.3414258293341784,0.8143770372577289,0.3836827318214628,0.005771601933684492,0.05674170773038152,0.08017045857999751,0.02289779208341885,-0.4312853145119901,0.09646746528566848,-0.5121088646381888,-0.500051203543725,0.6292888736480063,0.12654220490295626,-0.5430187751297038,-0.4848337008696972,-0.5082728182090516,0.11329362101745871,-0.5304522717797281,-0.00028800433455940054,-0.2453700244327473,0.2889408389758856,-0.5424208089627129,0.36297080193015785,0.3353751869515258,0.39668105387576996,-0.3987703592757373,0.5239554777999096,0.817767072641004,0.4005856564994309
3,-0.5816300810724104,0.035641569730771455,1.0,-0.6507326625268788,0.8787042167444037,-0.6387509933250632,0.8344730291426928,0.9643282802654526,-0.7263018887509313,0.48613611924416,-0.6428478598523948,0.7474663125268749,0.6123205054716804,-0.6390815223997472,0.3893659966748734,0.6994390606327493,-0.6077371569119873,-0.03986791819797915,-0.47086068590948077,-0.5771811228525313,-0.6535888615911983,0.9397926197941966,0.019941647870220628,-0.6269465149316874,0.8380764574717712,0.9202005378742144,0.8949047377677447,0.16655432825228256,0.9300196994644745,-0.6416207729995644,-0.5936658998138488,-0.5697567856627458,0.5974691747733654,0.385357449414209,-0.6442607236644294,-0.08885778136729251,0.38995179474075237,0.876624085526418,0.17997587328333597,0.8020044155240339,-0.21953012985739767,0.5920012046418587,0.8935971218420962,0.8048557926948493,0.8396200357345012,0.8395460527381394,0.537624033657024,0.7246293657284371,-0.6634779918203723,-0.6540512980668743,0.7238379900010954,0.2766600553035939,-0.6852571256274721,-0.6381887758553518,-0.6608989754944052,0.8877765850509929,-0.6602011171696119,0.8844145869023944,-0.41719643106861387,-0.565104525791688,0.5101160287218663,-0.6892458955483916,-0.6936731585159365,0.10176377267379058,0.7838665980167626,-0.42139617473150087,-0.08334374721039478,-0.1959102822985692
4,0.5287673283684591,-0.4943571898051456,-0.6507326625268788,1.0,-0.6939412419418384,0.9649930994562149,-0.7064737971795718,-0.7137319587649479,0.8774258325314296,-0.5879872173063644,0.9945590331970332,-0.7799660133153367,-0.2794172201947237,0.986595533444988,-0.4203948831495546,-0.3422727099228291,0.5239255345266176,-0.300963729211765,0.2673553607693025,0.9794967294779879,0.9874999609340559,-0.5279544106763041,-0.5394537796694184,0.9750738566412889,-0.4441382476001559,-0.7097065007995293,-0.5672330544470148,-0.6670813429254051,-0.492524933788533,0.9753776666509785,0.4904145825866369,0.45276815534322,-0.8363385997072182,-0.23107520233064258,0.5327230823750108,-0.3770682964801388,-0.4443539076709823,-0.5398551263493112,-0.683245346152547,-0.6704208102492886,-0.3478516076510764,-0.7808827056478539,-0.552487075916255,-0.6360942643392093,-0.5971438561625692,-0.6494291485542205,-0.11106877036854355,-0.5166912345597894,0.642527164044954,0.9923907485827269,-0.8503202893744831,-0.5610898850836846,0.8968081273355314,0.9929752672066737,0.9798233375619587,-0.7845034434673451,0.9786412460994077,-0.6183213319213753,0.27112181821784886,0.4031038573724267,0.11089555735672664,0.46173524259105736,0.4395116401602245,-0.2223074878428848,-0.3673525872154798,0.32839217904192913,-0.20253601704138563,0.3013191401051528
5,-0.33553937747611606,0.07604015578373635,0.8787042167444037,-0.6939412419418384,1.0,-0.6813539359948052,0.5802692961487155,0.8565959517684556,-0.6015881118446198,0.189780276227894,-0.6952672010281958,0.6838612872271462,0.40721898117319366,-0.6917998479717894,0.5029844406584996,0.46353662943246043,-0.35858790305066274,-0.009533227652729775,-0.15858568900409478,-0.6856580378464635,-0.7031311934245635,0.8690540918872605,-0.1040859324578579,-0.6848040435228797,0.6906502321166408,0.7629854517771214,0.8355276088104381,0.05795666224286106,0.824333829627913,-0.6962718507535749,-0.3271967414016347,-0.2952733840098779,0.5808285164537105,0.3465410856611035,-0.3778884722793775,-0.03174716938491418,0.3633581594804523,0.8904337834484324,0.21369266751315028,0.7450096012218776,-0.043254147035741444,0.47738846981662186,0.8351134908273317,0.6208011894787613,0.663917993125661,0.854277320200478,0.29728090622333886,0.6059158808667746,-0.44303703263684585,-0.6969194648919925,0.588849443139312,0.17118539419621606,-0.7051075640004164,-0.69713039391993,-0.7009613577042721,0.7082136723100616,-0.7247045035270119,0.7173049137610162,-0.2940102763495529,-0.4861415680297639,0.26432201521373244,-0.5224153080392598,-0.5068870509521177,0.1607687799992816,0.7057781437369648,-0.39936846651314517,0.027798868773425182,-0.2047592480048261
6,0.45921062539328744,-0.4827163823214396,-0.6387509933250632,0.9649930994562149,-0.6813539359948052,1.0,-0.6986595572659585,-0.6933583210801632,0.8330597342363114,-0.5642641415755111,0.9457792834043562,-0.7327672323749429,-0.27785828438567317,0.9930307602206784,-0.38098208351975604,-0.34602858191860214,0.43070171881204444,-0.29062191935206483,0.23133926490146198,0.9365050391102828,0.9869128983534025,-0.5217837534523044,-0.49207540939420846,0.9972756803644457,-0.4459129036083993,-0.7019104363998913,-0.5543576881723732,-0.636712535480798,-0.49072299720232676,0.9964152882531194,0.4276816465344825,0.39804855141668755,-0.7824591618443545,-0.24605037737283705,0.5386002559390692,-0.37430254915887257,-0.4446870259838119,-0.5306807618171763,-0.6035115983285689,-0.6646011284697377,-0.3120978750494235,-0.6906964799677425,-0.538776102860044,-0.6213689941759153,-0.5932414226609882,-0.6070077500838983,-0.07920841658827817,-0.5240187890296502,0.5681253846744209,0.9492385445972367,-0.8251278753292635,-0.5376078850693382,0.8377883292531818,0.9833535599985624,0.9903914373279248,-0.7595882836739033,0.9817563853541943,-0.6193786924166619,0.3027574488867889,0.4125510001884422,0.1336873625187445,0.45359695273561246,0.42820790275380777,-0.2908259831077982,-0.3800647695552701,0.2011198034433093,-0.16510135035000212,0.3714368670022801
7,-0.6496879055729914,0.23329088544369436,0.8344730291426928,-0.7064737971795718,0.5802692961487155,-0.6986595572659585,1.0,0.8092765601957408,-0.8033919696514076,0.7105550135855605,-0.7028557855581647,0.6836657976572534,0.6901015416471649,-0.7002342860220218,0.08088321222350955,0.7978849345340706,-0.6693246697939891,0.06529925571780139,-0.542184972814,-0.6191868949613295,-0.7120066996293196,0.7368310242158044,0.288801725760123,-0.6879601978954876,0.7981068909823688,0.9207932753500055,0.6565537395421918,0.41357479166119454,0.7831409221446133,-0.6969888185120159,-0.6610574630806536,-0.6377042653832752,0.54751009812894,0.4132991607622526,-0.7354272409104619,0.13998745754511308,0.5186458977173094,0.5795876873389346,0.29594627753302416,0.7850298247074619,-0.11563595885593196,0.7239643560916265,0.6413156763835575,0.9261968174239882,0.9213202973583112,0.5826402771096751,0.5693333360395622,0.8075333009778707,-0.7238660388648479,-0.7204171682584269,0.8542677149419984,0.383391382126776,-0.7479873158971572,-0.6967458811922718,-0.7248215731063214,0.8859789715848154,-0.7040465425991742,0.9110921151032205,-0.533980204819703,-0.3791671502631177,0.378121568686141,-0.592183975167854,-0.6041106732853118,0.04478248612277845,0.495562811582424,-0.31651531667584454,-0.0005261082164342517,-0.22688258864132674
8,-0.6406713878366131,0.0851066530758766,0.9643282802654526,-0.7137319587649479,0.8565959517684556,-0.6933583210801632,0.8092765601957408,1.0,-0.7903128351394608,0.4767491933843454,-0.7007197111876917,0.8365715547117626,0.4924012791016988,-0.6940350291902322,0.4745960545328753,0.5843412294733032,-0.657160174703595,0.044590898598610235,-0.5153384808107703,-0.6382085898102873,-0.7066671620676794,0.914612075902765,0.12280984906459942,-0.6803558083286969,0.8213821988671197,0.9109918370418777,0.8568835473218145,0.2820777359279911,0.8755550862591465,-0.6936676068697539,-0.6441493132149295,-0.6188416047962724,0.692499039761001,0.4877205794675275,-0.6819324224242356,-0.06967311946454616,0.5119628015123402,0.8477146250246097,0.28802825274263993,0.8040366068622861,-0.13664107218245483,0.6792780944210665,0.9377060254045165,0.7960548019310459,0.7651542175855457,0.8908722431235917,0.4431189730478096,0.7414227105950346,-0.7151118653334525,-0.7083788904553322,0.754031494042127,0.3202381357507876,-0.7203096129523647,-0.6944569502090485,-0.7079828257968152,0.8925991322445457,-0.702827189008609,0.8557317337749071,-0.45611389311046735,-0.594017443085745,0.5221147306503522,-0.6989381359950977,-0.6992223897932304,0.10846457815258068,0.7628528586873504,-0.4095903804819706,-0.09284547906095726,-0.15226025694641854
9,0.8626861996868571,-0.5516490405539317,-0.7263018887509313,0.8774258325314296,-0.6015881118446198,0.8330597342363114,-0.8033919696514076,-0.7903128351394608,1.0,-0.6333020674604318,0.8516783165189428,-0.8627210541869234,-0.28485689710467393,0.839936265907471,-0.46139427681235917,-0.36972495210325024,0.856891939700629,-0.33950501088115365,0.6926568670824271,0.7670781343672013,0.8414716700529098,-0.59948098102503,-0.6298293697026373,0.8204888533159193,-0.48410080344955336,-0.7912454588843154,-0.6426694414586264,-0.732338835816769,-0.538648533208996,0.8221857044482644,0.8464520847791598,0.8238109518359418,-0.8987945953859204,-0.28276348704528276,0.8607151851745932,-0.41911261978207337,-0.49512513751445664,-0.6096214348166464,-0.7377188078877057,-0.7645991287500858,-0.35376248086319834,-0.8828413905629356,-0.6256479498996924,-0.6995528246277762,-0.6678900288604613,-0.6916924641958444,-0.13827977645987002,-0.5861840516091049,0.925874925408954,0.8567008998064133,-0.9316488578176025,-0.5627924914684103,0.8127638759879149,0.838686144073214,0.8454083207489352,-0.8518119740460252,0.8406109826851921,-0.6945154524925534,0.27734764252305627,0.43283020144261103,-0.12109447942218687,0.5048557446078163,0.5060416699555096,-0.2831122928300706,-0.3746800235553533,0.19759831390021756,-0.2789361073829321,0.09714254486548754
10,-0.509057864528599,0.1542961663193245,0.48613611924416,-0.5879872173063644,0.189780276227894,-0.5642641415755111,0.7105550135855605,0.4767491933843454,-0.6333020674604318,1.0,-0.5761411421600382,0.44480662661283293,0.4675696914676935,-0.5726463957913385,0.03063126436232235,0.5193357631034006,-0.5017114848569877,0.03874964719057105,-0.39570759949155604,-0.5226481470323012,-0.5732824972738914,0.23754528916003223,0.6084333103596856,-0.5609311788332434,0.296430963303969,0.5036503956520978,0.3825614243814064,0.5946288352374296,0.3014513155272284,-0.563357784525794,-0.4956845977156489,-0.48053108032149644,0.5341578597901167,-0.10757949657643379,-0.5225686604376906,0.057718141925976414,-0.001459040864642105,0.16416770532835884,0.33869450421097436,0.24417556325078316,-0.07485747906444826,0.5489922425441626,0.2664447089751902,0.5024308714386995,0.4695856014689278,0.25554788824580676,0.45839017654350317,0.20914499527279318,-0.5627432050423596,-0.5812799310697937,0.6092712336436001,0.7379629394516067,-0.430474113077744,-0.5711859871571684,-0.5746264580425196,0.7526902934597582,-0.5242579819425605,0.4642661976146952,-0.11659612695841134,-0.3904694169912924,0.0814237132538494,-0.6067465997302575,-0.5846782575550459,0.10954062976961439,0.41141091776365785,-0.41051672004973744,-0.12902440245656854,-0.44251086379147603
11,0.48581904389900893,-0.4886657250795298,-0.6428478598523948,0.9945590331970332,-0.6952672010281958,0.9457792834043562,-0.7028557855581647,-0.7007197111876917,0.8516783165189428,-0.5761411421600382,1.0,-0.7526662845395943,-0.28051728231054374,0.9768276792831024,-0.39788930859053107,-0.34388057404796585,0.4979058490484637,-0.3008707209845648,0.2158020841525689,0.9867426488447035,0.9829938438390532,-0.528571730036757,-0.5245959863517562,0.9624660333305819,-0.4465683094974113,-0.709453267275572,-0.5654815591656513,-0.644585400517264,-0.4922334335334624,0.9643187029332921,0.4541782558759411,0.411539984396995,-0.7984830386432937,-0.2385668600386896,0.48793145354955514,-0.3778944388701678,-0.4456185100329054,-0.5380575040053187,-0.6525309720158887,-0.6736504341438679,-0.3199437690110067,-0.7716346475069937,-0.5424708819277342,-0.632002909904789,-0.5988003641161473,-0.6474535973648875,-0.11756117780238985,-0.5189990744755588,0.6145637068686429,0.998830949784477,-0.8460284573470463,-0.5321736811602721,0.914330240583012,0.9881812892496281,0.9732016774012897,-0.7680678433504028,0.9745432393303687,-0.6151696717792404,0.28943121310467046,0.3577541562757093,0.13066363740085737,0.43003352890750907,0.40933204972055026,-0.19528673102248328,-0.34271388834111544,0.35522414077334646,-0.21572017652354977,0.2832645293113156
12,-0.7378048340240004,0.4493657432689592,0.7474663125268749,-0.7799660133153367,0.6838612872271462,-0.7327672323749429,0.6836657976572534,0.8365715547117626,-0.8627210541869234,0.44480662661283293,-0.7526662845395943,1.0,0.33424068205994023,-0.7382502108040755,0.6201467575045637,0.3682545834965297,-0.7292179525398897,0.16618105240617284,-0.5728933489491636,-0.6968614420740907,-0.7418364644313197,0.6845853369713399,0.3879696498443553,-0.7197034262616078,0.562914938328579,0.7396038486531877,0.57656058726521,0.607451216485011,0.6032397660897482,-0.7282061211868379,-0.7130814394150115,-0.6911678278613108,0.8633531182910845,0.28196786209581237,-0.6944871336037658,0.2753591777079338,0.4602871551372879,0.6573270458253956,0.578865968830461,0.6732545177131398,0.297744697370186,0.6524905961836804,0.8083072738043575,0.6286411024222329,0.5675032691175584,0.6543305482598109,0.20060666693180076,0.5796143779763905,-0.7875974130513002,-0.7496901429893187,0.8194908250518436,0.3160806655027691,-0.7989472632836344,-0.7412588930591784,-0.7340235623875301,0.7437190638947059,-0.7342202743134765,0.6070970183515434,-0.5008179631242704,-0.517573737674862,0.3073562612223064,-0.49004407675742445,-0.5281678280159974,0.0416744188868722,0.4688149325119384,-0.16528514060392183,0.1114099301979212,0.07422997735675926
13,-0.21205990828477186,-0.16400121714808652,0.6123205054716804,-0.2794172201947237,0.40721898117319366,-0.27785828438567317,0.6901015416471649,0.4924012791016988,-0.28485689710467393,0.4675696914676935,-0.28051728231054374,0.33424068205994023,1.0,-0.28027474746611003,-0.09783402082238775,0.9670817828566403,-0.21239083284685709,-0.18611118670704493,-0.1628723506258277,-0.2577581265941814,-0.28370853871992724,0.484815299397272,-0.27130466615799137,-0.2747058460942513,0.7070836694786664,0.5259390601233862,0.2730204568255097,-0.12129905262484482,0.6563350393116041,-0.2853437905393686,-0.19260661771717646,-0.1858041041036939,0.041162963833585864,0.040913475987703736,-0.24859802134590026,-0.18483824350339398,0.05139692047948201,0.23495103364955788,-0.2309984404731449,0.29420788045095864,-0.3058681722454423,0.2849520087275792,0.351476924493432,0.6828171726675659,0.688651804625852,0.18475629298743715,0.9246770340067899,0.5458660678458085,-0.22856920452169469,-0.2854426683504108,0.3571633126995206,-0.021204562877931425,-0.3728468969124495,-0.2809103671412455,-0.2940070450564184,0.4936769202229765,-0.28696230898894237,0.6114494974755744,-0.5136879302640195,-0.20616014931032975,0.4289394985731999,-0.38554177633549536,-0.37316914010473096,-0.12849423138133034,0.5550739190472097,-0.2845759507627715,-0.21816147668863023,-0.14948027113468784
14,0.4574147433307667,-0.4891638648089807,-0.6390815223997472,0.986595533444988,-0.6917998479717894,0.9930307602206784,-0.7002342860220218,-0.6940350291902322,0.839936265907471,-0.5726463957913385,0.9768276792831024,-0.7382502108040755,-0.28027474746611003,1.0,-0.3880168292194959,-0.34557808629909165,0.4432934124549741,-0.29936698967400577,0.20942797178941616,0.9686676106949713,0.9981497003535289,-0.520703384856122,-0.5065018770237817,0.9981080693653654,-0.44267537351493325,-0.7037703552496816,-0.5567921737793007,-0.6434496988426769,-0.48872793989664715,0.9981103000141117,0.4250642762324505,0.3900606930979638,-0.7894375967414561,-0.2364965683318008,0.5110488856083742,-0.3810464045680624,-0.44043354865039525,-0.5313475747899068,-0.6232194853360242,-0.6663503433199702,-0.3188052079696319,-0.7191052335979531,-0.5356002791761886,-0.623431406636246,-0.5948876793683017,-0.6206438154476445,-0.0904650650866875,-0.5185551878602037,0.5766556822469575,0.978528067304439,-0.8355254384133536,-0.5395414264826001,0.873394022308248,0.99786904060958,0.9967663165549863,-0.7631849502945582,0.9918658736856472,-0.6159622982623026,0.2975837103642653,0.3919799290413928,0.1494700016951536,0.4425346324309305,0.4176482166665918,-0.25986095550044325,-0.3655693313017244,0.25858330027641885,-0.18476544377582554,0.3504940026040868
15,-0.39834471407671873,0.34199829522987707,0.3893659966748734,-0.4203948831495546,0.5029844406584996,-0.38098208351975604,0.08088321222350955,0.4745960545328753,-0.46139427681235917,0.03063126436232235,-0.39788930859053107,0.6201467575045637,-0.09783402082238775,-0.3880168292194959,1.0,-0.15712695244055203,-0.4090126077335011,0.5567366331525471,-0.2816709810785068,-0.37330511636649794,-0.39330829460042216,0.3356124577293507,0.24036092288174762,-0.3758870140956069,0.028183734346663405,0.2685560342633744,0.3416798194865494,0.41478900641072314,0.17315046223551608,-0.3850545295464169,-0.3944141806683599,-0.3804219049664285,0.5908429312602932,-0.14924881345577454,-0.3200261011019474,0.25857115114773294,-0.07153841938680529,0.5125712584809621,0.4380805540325706,0.2813500131228423,0.3063096846830686,0.27852115030167096,0.5053658837595912,-0.05659648282167124,0.01617011032924399,0.5609749123837082,-0.217801790907624,-0.0368387687873544,-0.4551977268756284,-0.3911863351615794,0.43124408818441934,-0.04685156646689891,-0.46540777293418706,-0.3912465133671078,-0.3879384700122737,0.2368812661399437,-0.4254497491931434,0.0334545879940122,-0.16651118185446295,-0.43748839585198934,-0.04908372184576047,-0.047173554909623744,-0.09942124497080927,0.12982177067266548,0.23602538179324115,0.10116563666201982,0.1540620459376505,0.36091348197911777
16,-0.28520923833281336,-0.19524044377127425,0.6994390606327493,-0.3422727099228291,0.46353662943246043,-0.34602858191860214,0.7978849345340706,0.5843412294733032,-0.36972495210325024,0.5193357631034006,-0.34388057404796585,0.3682545834965297,0.9670817828566403,-0.34557808629909165,-0.15712695244055203,1.0,-0.2877536887922986,-0.233472085700126,-0.23964886527070847,-0.3085335279759221,-0.3506680994871575,0.6089397659532562,-0.2273956470205896,-0.34002561464167214,0.8175483792753963,0.6702711427142221,0.420214239653084,-0.08701408449823507,0.7732159051859949,-0.34986445379378517,-0.2734866848650621,-0.2642134048265919,0.11484003437571494,0.2213223992282929,-0.3417097485156279,-0.22698002843008758,0.21279223272704065,0.35428867380435064,-0.16020783313417175,0.44916781562586044,-0.39679464554018296,0.36207813739649725,0.4475296202839671,0.8090839595901688,0.8240606487444133,0.3009270971730954,0.9010640499505128,0.6741973119178117,-0.30752302826950983,-0.3528231305761345,0.4373902916986923,0.08016220355067596,-0.42897495012356673,-0.34447464337655953,-0.361484275041629,0.6220764448452633,-0.3463805223106996,0.7654604135863132,-0.49845071423868426,-0.3105568438443199,0.5195869154888116,-0.5249058210895753,-0.5240549620923672,-0.17381425378178716,0.5834369920014948,-0.38657442468133996,-0.282140959084162,-0.26967289200702516
17,0.9826180719856586,-0.45752958762585766,-0.6077371569119873,0.5239255345266176,-0.35858790305066274,0.43070171881204444,-0.6693246697939891,-0.657160174703595,0.856891939700629,-0.5017114848569877,0.4979058490484637,-0.7292179525398897,-0.21239083284685709,0.4432934124549741,-0.4090126077335011,-0.2877536887922986,1.0,-0.28872840122419885,0.9267475440255607,0.36466065611021525,0.45181158843894786,-0.5114900477784979,-0.5579255428183536,0.40977767464819753,-0.38494953669472437,-0.6511540141790734,-0.5489628620864073,-0.5951910736835011,-0.43640772095228875,0.4141421572181739,0.99127357507853,0.9830078778505821,-0.7307147042981407,-0.23600856202688889,0.9228643362362577,-0.34252026845219835,-0.39310609169176675,-0.522323139849638,-0.6191870165172232,-0.644640001471283,-0.2751965834764772,-0.783567557919468,-0.5365503805882293,-0.5645666111589203,-0.5466232276057104,-0.5712785743538598,-0.15052339034387502,-0.4785424766640472,0.986306202766164,0.5050753751498037,-0.7612119256976941,-0.3995451607326491,0.5429882970651452,0.4473386506821141,0.4580261931289261,-0.6851027320414382,0.4581378476281555,-0.5661660371281145,0.19190229633938752,0.32081670582989585,-0.3295841067014332,0.3956953337765023,0.42310293525025644,-0.21204508420491464,-0.26835012051373763,0.10048620908330587,-0.3089522127296582,-0.2002047295225394
18,-0.2610165832515105,0.5533627997258187,-0.03986791819797915,-0.300963729211765,-0.009533227652729775,-0.29062191935206483,0.06529925571780139,0.044590898598610235,-0.33950501088115365,0.03874964719057105,-0.3008707209845648,0.16618105240617284,-0.18611118670704493,-0.29936698967400577,0.5567366331525471,-0.233472085700126,-0.28872840122419885,1.0,-0.1901067725389217,-0.25928827365476725,-0.30560074596302567,-0.1172666462889683,0.4545199819582694,-0.29425980823351694,-0.21824264446662817,0.07326820211159411,-0.10485536815977353,0.5196160626912611,-0.21555813309693314,-0.29384031791676335,-0.2842031060303483,-0.27188874999578666,0.2116843885042402,-0.12053741438769375,-0.27276101335069425,0.6090220125853775,0.030799209067562453,-0.004554684050231517,0.43484023177277503,0.17998948072288692,0.4189306647038728,0.3942006845664345,-0.10383272478879615,-0.11969535000725161,-0.04624209616574632,0.19881240609938802,-0.3684601242024102,-0.06184874226984743,-0.3261211554128327,-0.3109785485625235,0.41175281709007827,-0.15182785633419957,-0.3791078116083969,-0.2968272950716913,-0.32075788114844206,-0.054670171206269276,-0.35648344684211236,-0.10409152396877044,-0.16852307607790074,0.08499235050517383,-0.47032568654428,0.4223208266153539,0.3943871105979913,0.2636515306180317,-0.34994692995004967,0.4265040448266908,0.42632232070384224,0.44033790841816606
19,0.9512608270559398,-0.31563144232217694,-0.47086068590948077,0.2673553607693025,-0.15858568900409478,0.23133926490146198,-0.542184972814,-0.5153384808107703,0.6926568670824271,-0.39570759949155604,0.2158020841525689,-0.5728933489491636,-0.1628723506258277,0.20942797178941616,-0.2816709810785068,-0.23964886527070847,0.9267475440255607,-0.1901067725389217,1.0,0.07737710773775923,0.2048047971479077,-0.39690521137556345,-0.4410182993406415,0.18855752907962137,-0.3174951679110932,-0.5067613562539367,-0.417757476235797,-0.4618408709115346,-0.3441700907999209,0.18887257223159448,0.9587852801443628,0.9737167189555901,-0.5756612169769638,-0.23341190077846766,0.919884886257273,-0.21843773166080263,-0.3391396860563319,-0.38450161650668974,-0.48665601473852904,-0.49836250004115606,-0.1961509876294586,-0.614679015092184,-0.42282145019619854,-0.46615110711049185,-0.43865034420674925,-0.4074020823130671,-0.1349657386025418,-0.40273717389003116,0.8863927709757009,0.2243945971189931,-0.5613458529779888,-0.3287164727424052,0.26054125105072456,0.19641893940154942,0.22133558037832193,-0.5443959599685367,0.21010153696844813,-0.4694281151014695,0.11107315088260779,0.3247248306014345,-0.4501578589716772,0.38007942776071707,0.4097772151096064,-0.20829057068688378,-0.2346902462627383,-0.04989780608402223,-0.19004446152946208,-0.19768629916322789
20,0.3621456931430859,-0.42894063614380534,-0.5771811228525313,0.9794967294779879,-0.6856580378464635,0.9365050391102828,-0.6191868949613295,-0.6382085898102873,0.7670781343672013,-0.5226481470323012,0.9867426488447035,-0.6968614420740907,-0.2577581265941814,0.9686676106949713,-0.37330511636649794,-0.3085335279759221,0.36466065611021525,-0.25928827365476725,0.07737710773775923,1.0,0.9714002408192294,-0.4699608772248879,-0.46150564457858817,0.9579672856768005,-0.40710672971747464,-0.6318679751978833,-0.5002199389076559,-0.5877958538350208,-0.4464378609834127,0.9582123638613858,0.31758897520820173,0.27451282351244427,-0.752087490030244,-0.20939230511603563,0.3549038425560102,-0.32441880437907294,-0.40636720633814233,-0.4777219636022547,-0.6169509199676465,-0.5911902037599029,-0.3149195604407872,-0.6988386400635432,-0.4921997205950237,-0.574008922356415,-0.5305651470469929,-0.5976057918412891,-0.10179519057371564,-0.4620083991344637,0.48995987480749265,0.981023464996813,-0.7577893667657589,-0.514218155762776,0.8782295946000098,0.9812840373260486,0.9571081429657,-0.7035761357925103,0.9589036050354864,-0.5493759674623491,0.25389479856839064,0.355997369008623,0.1810155993169545,0.41230581742598266,0.3834746033423728,-0.15830615789689662,-0.33540801149517113,0.38702535733251897,-0.15787185093093514,0.34534188957600787
21,0.454795747200641,-0.4949459356245287,-0.6535888615911983,0.9874999609340559,-0.7031311934245635,0.9869128983534025,-0.7120066996293196,-0.7066671620676794,0.8414716700529098,-0.5732824972738914,0.9829938438390532,-0.7418364644313197,-0.28370853871992724,0.9981497003535289,-0.39330829460042216,-0.3506680994871575,0.45181158843894786,-0.30560074596302567,0.2048047971479077,0.9714002408192294,1.0,-0.5396567535838839,-0.5056334470689607,0.994367141990043,-0.45474194801529333,-0.7207837047367119,-0.5739334673087627,-0.6409714669738024,-0.5019767364076836,0.9958854316686012,0.42915279075438373,0.39139087661703115,-0.7812053946856734,-0.2467172561914883,0.5105703557793283,-0.3867156268613896,-0.44688971525167115,-0.5506556132151199,-0.6083776653252163,-0.6845288356957935,-0.300542419837854,-0.7218198331187321,-0.5520896326805753,-0.6292085779889692,-0.6055753672969754,-0.635799390039139,-0.09585581417108355,-0.5298468345020947,0.5834651279609704,0.9861230853778922,-0.8503699816556995,-0.522812971391561,0.8916147257479081,0.9982388776806801,0.9982223644025056,-0.7678969910937026,0.9945854812077388,-0.6258819522336767,0.32174829779732406,0.3751064036217503,0.14582565262032662,0.4317356731921143,0.41003263178111005,-0.25122527692603475,-0.3627067205387821,0.2653901589669074,-0.1972212906777886,0.3256833011884191
22,-0.47400332873174267,-0.035991710775148573,0.9397926197941966,-0.5279544106763041,0.8690540918872605,-0.5217837534523044,0.7368310242158044,0.914612075902765,-0.59948098102503,0.23754528916003223,-0.528571730036757,0.6845853369713399,0.484815299397272,-0.520703384856122,0.3356124577293507,0.6089397659532562,-0.5114900477784979,-0.1172666462889683,-0.39690521137556345,-0.4699608772248879,-0.5396567535838839,1.0,-0.14212602183209977,-0.5106873621408494,0.8835433827382994,0.915880644906502,0.8856988982409196,0.032466268607714434,0.9651735029478511,-0.5262471082205057,-0.49938167885240303,-0.475308178297212,0.49216251515787435,0.5846081424020294,-0.5429379670979404,-0.14771029638918362,0.5429753418764048,0.9303935702746979,0.11477053714057737,0.8642668301219237,-0.3063912100444169,0.45979213832439136,0.9339679995608683,0.78148270320626,0.8324876170893312,0.8394529424679336,0.4145903582739099,0.7991211578030707,-0.5500855272335765,-0.5417830447360181,0.6294395810826007,0.09160461579849616,-0.6430743327593195,-0.5213038207803496,-0.5441434257404952,0.7693593090053664,-0.5501076454852928,0.8849640235131699,-0.46871780846129857,-0.5501146785599396,0.6028557330222336,-0.6227704776822158,-0.6620925090584607,-0.07165959738614826,0.6729115950091565,-0.3871530890265291,-0.14310414906027383,-0.12570340212551168
23,-0.5583007466135405,0.6914861326754603,0.019941647870220628,-0.5394537796694184,-0.1040859324578579,-0.49207540939420846,0.288801725760123,0.12280984906459942,-0.6298293697026373,0.6084333103596856,-0.5245959863517562,0.3879696498443553,-0.27130466615799137,-0.5065018770237817,0.24036092288174762,-0.2273956470205896,-0.5579255428183536,0.4545199819582694,-0.4410182993406415,-0.46150564457858817,-0.5056334470689607,-0.14212602183209977,1.0,-0.491182764634339,-0.2662712956550796,0.16920385688957965,0.08342732641025821,0.9315116406908882,-0.24090839647039355,-0.48449152795323724,-0.5577304199821689,-0.5434363148671357,0.6433505374763034,-0.14859980800834674,-0.5274921148107126,0.6176811976405445,0.0988458049692339,-0.017904574302484294,0.7576735118634511,0.17534913829987256,0.5376714790646444,0.5297483511543977,-0.022427909278052528,0.0581358374949288,0.019263448658845078,0.09744128346144296,-0.3515347202346916,-0.08449166723587989,-0.6084543778953581,-0.5277993485097119,0.5824147426153098,0.6569986031187737,-0.38936617644404226,-0.5066552246018884,-0.5039930470431309,0.3603642068549803,-0.4796704304416292,0.017305215147629338,0.09066182940820762,-0.06473192680494573,-0.4024020245210456,-0.08487666384594897,-0.09039205397573538,0.3009300159036596,-0.22225181594117016,0.0673192898995122,0.3996288681921351,-0.03320119665576837
24,0.42996782186260274,-0.4813679477613423,-0.6269465149316874,0.9750738566412889,-0.6848040435228797,0.9972756803644457,-0.6879601978954876,-0.6803558083286969,0.8204888533159193,-0.5609311788332434,0.9624660333305819,-0.7197034262616078,-0.2747058460942513,0.9981080693653654,-0.3758870140956069,-0.34002561464167214,0.40977767464819753,-0.29425980823351694,0.18855752907962137,0.9579672856768005,0.994367141990043,-0.5106873621408494,-0.491182764634339,1.0,-0.43591856513496036,-0.6919472156352168,-0.5456505560670776,-0.6313651343862936,-0.48067819138189094,0.9995283065581505,0.39799710985173636,0.36481489651200927,-0.7716896829961972,-0.23578243978391672,0.4989912287417603,-0.3763653763663924,-0.435533216237755,-0.5212687605428062,-0.6028517945603761,-0.6553601370989481,-0.3114624414651278,-0.691375132002227,-0.524493119028801,-0.6118862694003255,-0.5850643345556523,-0.6044883217306884,-0.07920738992101811,-0.5121121101836624,0.5477302440798275,0.9649759738993826,-0.8196940349579848,-0.5324434371512927,0.8544675895710435,0.9925753688586196,0.9950343862043919,-0.7489807435219643,0.9885895489212996,-0.6072473616533249,0.2982727158559781,0.39199428558948196,0.16108848567592948,0.43673710406583666,0.4104248472895904,-0.2719124497866779,-0.3644024045076399,0.2321542246568295,-0.17240963393129957,0.37076729988573337
25,-0.37132663965724544,-0.2074377951752616,0.8380764574717712,-0.4441382476001559,0.6906502321166408,-0.4459129036083993,0.7981068909823688,0.8213821988671197,-0.48410080344955336,0.296430963303969,-0.4465683094974113,0.562914938328579,0.7070836694786664,-0.44267537351493325,0.028183734346663405,0.8175483792753963,-0.38494953669472437,-0.21824264446662817,-0.3174951679110932,-0.40710672971747464,-0.45474194801529333,0.8835433827382994,-0.2662712956550796,-0.43591856513496036,1.0,0.8558310552242486,0.65780657934091,-0.08426171498384642,0.9513695727630301,-0.4482701527899695,-0.3733643147285362,-0.3553800757505078,0.2863413174419717,0.6805339959233091,-0.43913792692002124,-0.29935043215378443,0.627583225867047,0.6549157195406018,-0.04844803072077805,0.7320515431965877,-0.4227653532903855,0.4747144567965413,0.7847697086470188,0.9117423823417826,0.8712163143943281,0.6479286505392139,0.6816818902377116,0.9117472360743296,-0.40738686940924695,-0.4568383880628599,0.5161548239460018,0.04545623245904837,-0.5528421732503009,-0.4435501504870083,-0.45782703031127925,0.7139863519410579,-0.44761698271520967,0.9227487088699803,-0.5958735069465887,-0.45092927379344955,0.7186328711219009,-0.635695268884303,-0.6487958095318654,-0.19913923227127722,0.6640125665836256,-0.4437960093873984,-0.31870705413073225,-0.21090333956255153
26,-0.6179062441407154,0.17003318158547392,0.9202005378742144,-0.7097065007995293,0.7629854517771214,-0.7019104363998913,0.9207932753500055,0.9109918370418777,-0.7912454588843154,0.5036503956520978,-0.709453267275572,0.7396038486531877,0.5259390601233862,-0.7037703552496816,0.2685560342633744,0.6702711427142221,-0.6511540141790734,0.07326820211159411,-0.5067613562539367,-0.6318679751978833,-0.7207837047367119,0.915880644906502,0.16920385688957965,-0.6919472156352168,0.8558310552242486,1.0,0.8324358958282249,0.33142962551153066,0.8994674607580909,-0.7036694316673249,-0.6408276915851769,-0.6125769689647476,0.6082982651543484,0.5644780134555148,-0.7000707426340677,0.06598239052026472,0.6128747719449172,0.8233348029806338,0.32385272412387295,0.9262082404217146,-0.18810600422793874,0.666757598012477,0.8306044520825675,0.8894783650701314,0.9315729723883875,0.7935578421272717,0.40383772820197034,0.8464205131025824,-0.7093307641349916,-0.7269971913137981,0.8431915373106901,0.2778295063992706,-0.7953846372711584,-0.7021959269018819,-0.7293809475740732,0.8855046632138341,-0.7227683926310637,0.9508092330690165,-0.514225275366586,-0.5266025016758314,0.4533357246237752,-0.6258646300216929,-0.6673116555108213,-0.031290388902482855,0.5392643405759696,-0.35913204989325453,-0.05601009338462127,-0.19213967596121126
27,-0.5097605232247197,-0.013593031117166138,0.8949047377677447,-0.5672330544470148,0.8355276088104381,-0.5543576881723732,0.6565537395421918,0.8568835473218145,-0.6426694414586264,0.3825614243814064,-0.5654815591656513,0.57656058726521,0.2730204568255097,-0.5567921737793007,0.3416798194865494,0.420214239653084,-0.5489628620864073,-0.10485536815977353,-0.417757476235797,-0.5002199389076559,-0.5739334673087627,0.8856988982409196,0.08342732641025821,-0.5456505560670776,0.65780657934091,0.8324358958282249,1.0,0.12424022628790148,0.8214986498868018,-0.5571153072006626,-0.5395211758301184,-0.5147197945303518,0.5981191454012666,0.4161012110813903,-0.581322187786013,-0.12898350028315733,0.36822779334761885,0.9385373945645131,0.2336194647964525,0.7932876283886883,-0.2575549966496448,0.5021318176651404,0.8309934893258502,0.6345316909624245,0.7118499153657633,0.8847100848975582,0.251564610649583,0.5679017192910474,-0.6027013390104878,-0.5785116178197103,0.6045306593037262,0.40687691648220925,-0.5410225071988001,-0.5565026459142557,-0.5791348738189896,0.8372175285015768,-0.5775207129282826,0.7920215829987609,-0.09944154056890821,-0.5670781075179416,0.40964579522561684,-0.7044551595682179,-0.7049654964881126,0.17696463909065807,0.6988102641338018,-0.49127799469212574,-0.05019885041114146,-0.32226524658882516
28,-0.6070476433349863,0.7469024726604377,0.16655432825228256,-0.6670813429254051,0.05795666224286106,-0.636712535480798,0.41357479166119454,0.2820777359279911,-0.732338835816769,0.5946288352374296,-0.644585400517264,0.607451216485011,-0.12129905262484482,-0.6434496988426769,0.41478900641072314,-0.08701408449823507,-0.5951910736835011,0.5196160626912611,-0.4618408709115346,-0.5877958538350208,-0.6409714669738024,0.032466268607714434,0.9315116406908882,-0.6313651343862936,-0.08426171498384642,0.33142962551153066,0.12424022628790148,1.0,-0.06872945995968865,-0.6277677863033913,-0.5970374087257059,-0.5802463365125499,0.7457701238957692,-0.07536467073115193,-0.575722352560029,0.6560958294857567,0.19924406955533458,0.11365057084746004,0.8085661323184411,0.312441974664905,0.5465784610718168,0.5526655922812624,0.1670299480969251,0.1878560538323683,0.16527077287078348,0.1882443010714285,-0.2828759078784895,0.0774086869584857,-0.6640226641864703,-0.64688456175504,0.7305837203416173,0.5207632335703146,-0.5938996158669481,-0.6403849574836372,-0.6388420519781683,0.43295347382085436,-0.6207162332760092,0.13748612620488665,-0.17256123729084222,-0.22735219291357486,-0.3073208772575035,-0.12042894658233902,-0.16775335550457598,0.1392467853953832,-0.1644320484624625,0.11507111449032617,0.31494516025523095,0.040071458022883866
29,-0.4155501106326501,-0.16953905748956394,0.9300196994644745,-0.492524933788533,0.824333829627913,-0.49072299720232676,0.7831409221446133,0.8755550862591465,-0.538648533208996,0.3014513155272284,-0.4922334335334624,0.6032397660897482,0.6563350393116041,-0.48872793989664715,0.17315046223551608,0.7732159051859949,-0.43640772095228875,-0.21555813309693314,-0.3441700907999209,-0.4464378609834127,-0.5019767364076836,0.9651735029478511,-0.24090839647039355,-0.48067819138189094,0.9513695727630301,0.8994674607580909,0.8214986498868018,-0.06872945995968865,1.0,-0.493971503265552,-0.4229712106892524,-0.40313595601530383,0.3952939772406067,0.5631013421840173,-0.4782373389882023,-0.2627992493937897,0.5058957723520473,0.828082287589879,0.025863817773564658,0.7951868287304401,-0.3986419109310302,0.45083310911444946,0.8546854113547951,0.8571708083134226,0.8949383011495717,0.7544554722432515,0.6006724900214132,0.8311007068313419,-0.47086971133849137,-0.5025807636854698,0.5615932231535173,0.10372481107046816,-0.5897243054862626,-0.4890786550303527,-0.5065452768518085,0.7776403108767492,-0.5061084232434435,0.9287819642410545,-0.4595210058918218,-0.5555264509713517,0.6585182225130102,-0.6833322469665781,-0.7071331525049055,-0.13476815220406524,0.7248012616552457,-0.477927266781536,-0.2593054888656955,-0.2474432242898086
