,1,2,3,4,5,6,7,8,9,10,11,12,13,14,15,16,17,18,19,20,21,22,23,24,25,26,27,28,29,30,31,32,33,34,35,36,37,38,39,40,41,42,43,44,45,46,47,48,49,50,51,52,53,54,55,56,57,58,Sample,moisture_content,pH,N_prop,C_prop,NH4N_prop,Si04Si_prop,N02N_prop,PO4P_prop,NO3N_prop
1,1.0,-0.8676308067278483,-0.32910134048297696,0.8182229047176027,-0.17577003412158995,0.7932808742523327,-0.4263358274438565,-0.3216217645629093,0.860559274048536,-0.6095854374855141,0.8032632719463595,-0.34032070436307843,-0.12341300268111635,0.8104672373743079,-0.6282843772856833,-0.18324961004165763,0.7293542329850049,-0.7778758956870364,0.5001368233846246,0.8121143410692222,0.8221007383892501,-0.39267773580355203,-0.9274674140883896,0.8178226961048164,-0.2318668535220974,-0.36649922008331526,-0.4936520107244654,-0.8676308067278483,-0.31414218864284166,0.8119949809306729,0.8647569087773715,0.8647569087773715,-0.7479575920067658,-0.37771858396341673,0.5721875578851758,-0.8841370061331192,-0.7329984401666305,-0.4637337070441948,-0.8601512308077807,-0.45251434316409334,-0.7886052533517863,-0.6031612626586109,-0.36275943212328143,-0.41584410034227215,-0.47286957377570504,-0.4749530709242963,0.26178515720236806,-0.35215626515471693,0.7642540222506623,0.8298564057325449,-0.6469833170858524,-0.7080588735557607,0.38655211189601285,0.8104672373743079,0.7417759627727016,-0.4720392490371738,0.6623926965985074,-0.35527985620321373,-0.22812706556206358,0.6320241652457171,-0.8264931391674762,0.6469833170858524,0.6058456495254803,0.5534886180850067,0.49739179868449923,-0.36275943212328143,0.14423421498358088,-0.36275943212328143
2,-0.8676308067278483,1.0,0.3776223776223776,-0.8773876784125652,0.2517482517482518,-0.7915960363759428,0.38461538461538464,0.34965034965034963,-0.8790415680583346,0.4965034965034965,-0.8186349431603627,0.4965034965034965,0.0979020979020979,-0.8411319892219633,0.6853146853146853,0.055944055944055944,-0.8682018740230751,0.8811188811188811,-0.4308237780280829,-0.7946477644742238,-0.8483831270600837,0.43356643356643354,0.9020979020979021,-0.8463499394941816,0.18181818181818182,0.3916083916083916,0.48951048951048953,0.9090909090909091,0.2517482517482518,-0.8536147458417711,-0.9136433676031671,-0.9136433676031671,0.7062937062937062,0.3986013986013986,-0.4965034965034965,0.9141870411815418,0.6853146853146853,0.5034965034965035,0.7692307692307693,0.5524475524475524,0.756568585805414,0.42381851334469944,0.42657342657342656,0.3362527048024062,0.44210798466817747,0.46853146853146854,-0.4195804195804196,0.40980798397793256,-0.7986001739057147,-0.8628854027363244,0.8391608391608392,0.4483369397365416,-0.6000036934782409,-0.8411319892219633,-0.8091080709307898,0.325744807777331,-0.7789521634629794,0.3076923076923077,-0.1258741258741259,-0.7692307692307693,0.965034965034965,-0.6783216783216783,-0.6433566433566433,-0.6713286713286714,-0.25874125874125875,0.3986013986013986,-0.20665530815981215,0.4755244755244755
3,-0.32910134048297696,0.3776223776223776,1.0,-0.5583376135352688,0.8321678321678322,-0.5312964388288985,0.8531468531468531,0.951048951048951,-0.5194336538526522,0.6363636363636364,-0.5552480484044199,0.7552447552447552,0.8741258741258742,-0.5293330621827873,0.48951048951048953,0.7972027972027972,-0.5553680003872302,0.46153846153846156,-0.7705791151721808,-0.6448712224790821,-0.5075796486684262,0.9020979020979021,0.2097902097902098,-0.5194336538526522,0.9090909090909091,0.9230769230769231,0.916083916083916,0.27972027972027974,0.9440559440559441,-0.5375956697216261,-0.5293330621827873,-0.5293330621827873,0.4965034965034965,0.8321678321678322,-0.6503496503496503,0.3082316460688723,0.4405594405594406,0.8951048951048951,0.20279720279720279,0.7832167832167832,-0.12609476430090233,0.5218922189120679,0.9440559440559441,0.8616475560561658,0.8421104469870047,0.8391608391608392,0.44755244755244755,0.8371291296643237,-0.6584948802380455,-0.5220819243446669,0.5314685314685315,0.54641064530391,-0.7017587058225039,-0.5293330621827873,-0.4938711601785341,0.8721554530812411,-0.5684245517162282,0.9020979020979021,-0.46853146853146854,-0.5874125874125874,0.38461538461538464,-0.32167832167832167,-0.4825174825174825,-0.5594405594405595,-0.6153846153846154,0.8531468531468531,0.45534220441992507,0.7902097902097902
4,0.8182229047176027,-0.8773876784125652,-0.5583376135352688,1.0,-0.3843103054203798,0.9354344413078676,-0.6163467162402317,-0.45682168380158356,0.9529207105265541,-0.6671046811070743,0.9743355922653231,-0.42056599461098165,-0.3553057540678983,0.9849624060150376,-0.543835337859028,-0.3480546162297779,0.849223267979487,-0.8193785757076022,0.6355866993942737,0.8326084343096074,0.9699248120300752,-0.543835337859028,-0.7976251621932411,0.9792861056794627,-0.36980802974413907,-0.5583376135352688,-0.6453512675927132,-0.7468671973263985,-0.4640728216397039,0.9905855607449949,0.9548872180451128,0.9548872180451128,-0.543835337859028,-0.5220819243446669,0.7033603702976763,-0.9116129231312153,-0.6743558189451947,-0.6090955784021114,-0.5655887513733892,-0.601844440563991,-0.5302609034946512,-0.581107839446193,-0.5220819243446669,-0.5593162954669608,-0.7021943337472268,-0.5148307865065466,0.17402730811488895,-0.5520524474738834,0.878925607162367,0.9774436090225563,-0.8483831270600837,-0.5847397634427318,0.6949177085270484,0.9849624060150376,0.9297725431139089,-0.6283228514011963,0.858641775981065,-0.543835337859028,0.12326934324804635,0.7686206108407596,-0.8411319892219633,0.5220819243446669,0.6308489919164725,0.7251137838120374,0.3263012027154168,-0.5148307865065466,0.11985349188577732,-0.5148307865065466
5,-0.17577003412158995,0.2517482517482518,0.8321678321678322,-0.3843103054203798,1.0,-0.4064952619227814,0.5174825174825175,0.8181818181818182,-0.2978570602511712,0.25874125874125875,-0.40219890685704773,0.6573426573426573,0.8461538461538461,-0.3553057540678983,0.48951048951048953,0.6433566433566433,-0.4850682535027707,0.4125874125874126,-0.43432641036977465,-0.5158969779832657,-0.3480546162297779,0.8601398601398601,-0.03496503496503497,-0.35234310785809275,0.8041958041958042,0.7832167832167832,0.8181818181818182,0.06993006993006994,0.8111888111888111,-0.36687272055327186,-0.3263012027154168,-0.3263012027154168,0.4825174825174825,0.7762237762237763,-0.5174825174825175,0.17863424942627829,0.42657342657342656,0.8811188811188811,0.055944055944055944,0.7552447552447552,-0.09106844088398501,0.35726849885255657,0.8531468531468531,0.704029100680038,0.614038867594691,0.8251748251748252,0.26573426573426573,0.8021028062474064,-0.5253948512537596,-0.3553057540678983,0.3076923076923077,0.42381851334469944,-0.5929861064200158,-0.3553057540678983,-0.38879218992778214,0.651489615554662,-0.5438629970124406,0.7412587412587412,-0.35664335664335667,-0.24475524475524477,0.22377622377622378,-0.1958041958041958,-0.13986013986013987,-0.3076923076923077,-0.6293706293706294,0.6713286713286714,0.5324001159371431,0.5874125874125874
6,0.7932808742523327,-0.7915960363759428,-0.5312964388288985,0.9354344413078676,-0.4064952619227814,1.0,-0.6560976157350157,-0.4457184889504182,0.9409020889523279,-0.5562566742101219,0.9800379116648475,-0.4064952619227814,-0.43858699312721156,0.9613160266404963,-0.33874605160231785,-0.44928423686202157,0.7975730130909963,-0.7345440697902892,0.7161856254350157,0.7149207027084304,0.9724081346401944,-0.6026113970609654,-0.7345440697902892,0.9686846309489517,-0.4278897493924015,-0.6240058845305855,-0.6596633636466189,-0.6525318678234123,-0.5099019513592784,0.953867275217419,0.9169475946417042,0.9169475946417042,-0.5099019513592784,-0.6204401366189822,0.8201220196687695,-0.8519215544451435,-0.834385011315183,-0.6382688761769989,-0.5134676992708818,-0.6596633636466189,-0.4375697711510695,-0.5893796917545018,-0.566953917944932,-0.6733216478528702,-0.7442825176430936,-0.4956389597128651,0.12836692481772044,-0.6358156674684928,0.7858395890060024,0.965013395973729,-0.752372809348306,-0.6858236413143294,0.6118861082546587,0.9613160266404963,0.8644235479066026,-0.6465316618640292,0.790800174995787,-0.6311373803537922,0.09984094152489369,0.6204401366189822,-0.7416755656134959,0.29952282457468105,0.44928423686202157,0.5705196658565354,0.3744035307183513,-0.5205991950940885,0.10537394488944123,-0.47781022015484836
7,-0.4263358274438565,0.38461538461538464,0.8531468531468531,-0.6163467162402317,0.5174825174825175,-0.6560976157350157,1.0,0.7902097902097902,-0.6465677649354692,0.7272727272727273,-0.6549079545282901,0.6153846153846154,0.7762237762237763,-0.6453512675927132,0.1958041958041958,0.8391608391608392,-0.48155326615854777,0.3916083916083916,-0.9597212616235343,-0.5533411134820512,-0.6381001297545928,0.7832167832167832,0.35664335664335667,-0.6429353617616744,0.8251748251748252,0.8951048951048951,0.7552447552447552,0.34965034965034963,0.8811188811188811,-0.6284057490664954,-0.5873421648877503,-0.5873421648877503,0.3006993006993007,0.7412587412587412,-0.7762237762237763,0.4308237780280829,0.5804195804195804,0.7062937062937062,0.3076923076923077,0.7412587412587412,-0.15061319069274443,0.6760080419465041,0.7832167832167832,0.9211923058649253,0.9543918399186053,0.6153846153846154,0.4405594405594406,0.8021028062474064,-0.5569185423289853,-0.6453512675927132,0.6433566433566433,0.598950130429286,-0.6947411187642789,-0.6453512675927132,-0.560421174670677,0.8826633501063162,-0.5368454099542155,0.916083916083916,-0.44755244755244755,-0.5944055944055944,0.3706293706293706,-0.15384615384615385,-0.42657342657342656,-0.5734265734265734,-0.46853146853146854,0.7902097902097902,0.26620005796857155,0.7482517482517482
8,-0.3216217645629093,0.34965034965034963,0.951048951048951,-0.45682168380158356,0.8181818181818182,-0.4457184889504182,0.7902097902097902,1.0,-0.46494760624573067,0.5664335664335665,-0.4377917304727157,0.7272727272727273,0.8321678321678322,-0.4350682702872224,0.5174825174825175,0.7552447552447552,-0.5202181269450005,0.5104895104895105,-0.756568585805414,-0.5699829514815113,-0.44231940812534276,0.9230769230769231,0.2097902097902098,-0.4395207840291673,0.9370629370629371,0.916083916083916,0.9090909090909091,0.2937062937062937,0.9230769230769231,-0.4395207840291673,-0.47857509731594466,-0.47857509731594466,0.5244755244755245,0.8601398601398601,-0.6083916083916084,0.22767110220996253,0.46853146853146854,0.9020979020979021,0.2727272727272727,0.7762237762237763,-0.09106844088398501,0.5779343363791356,0.958041958041958,0.8126107032724816,0.7368466411136291,0.9230769230769231,0.45454545454545453,0.8091080709307898,-0.6199659244794364,-0.45682168380158356,0.45454545454545453,0.54641064530391,-0.6210564546529159,-0.4350682702872224,-0.416813248661316,0.7810870121972561,-0.5017574746630903,0.8881118881118881,-0.45454545454545453,-0.5174825174825175,0.34265734265734266,-0.34265734265734266,-0.43356643356643354,-0.45454545454545453,-0.6573426573426573,0.9300699300699301,0.4728553661283837,0.8811188811188811
9,0.860559274048536,-0.8790415680583346,-0.5194336538526522,0.9529207105265541,-0.2978570602511712,0.9409020889523279,-0.6465677649354692,-0.46494760624573067,1.0,-0.5957141205023424,0.9465912535869115,-0.3886671395960405,-0.2869598507297869,0.9566871955483982,-0.49400683163608883,-0.3087542697725555,0.889165924374863,-0.8463499394941816,0.7077408098701415,0.7304459457456571,0.9679866506139304,-0.5848169109809581,-0.8463499394941816,0.9641509433962264,-0.35234310785809275,-0.5702872982857791,-0.650200168109264,-0.7482750538017228,-0.4395207840291673,0.9528301886792453,0.9868190757231509,0.9868190757231509,-0.5303308633740366,-0.6029789268499319,0.7700694728444915,-0.875124240482103,-0.7664370696706966,-0.6284057490664954,-0.6211409427189059,-0.650200168109264,-0.5276216834507482,-0.629507249910203,-0.5412280728954209,-0.5913001624879075,-0.6889372976208713,-0.5412280728954209,0.16709054599455947,-0.5676481559883911,0.8769436255974504,0.9755196206576187,-0.8100259077562338,-0.5894807773725601,0.6269693925438617,0.9566871955483982,0.8914987065202297,-0.5785644666804756,0.8165182786617734,-0.5702872982857791,0.09444248251866404,0.7155834252375698,-0.8354527299727973,0.4722124125933202,0.5702872982857791,0.6247733458927006,0.3087542697725555,-0.5521252824168051,0.07641417484459112,-0.5521252824168051
10,-0.6095854374855141,0.4965034965034965,0.6363636363636364,-0.6671046811070743,0.25874125874125875,-0.5562566742101219,0.7272727272727273,0.5664335664335665,-0.5957141205023424,1.0,-0.6264336956357558,0.48951048951048953,0.4825174825174825,-0.6381001297545928,0.4125874125874126,0.5944055944055944,-0.3374387850454057,0.42657342657342656,-0.7180396300468049,-0.7946477644742238,-0.5945933027258706,0.3916083916083916,0.6153846153846154,-0.617508539545111,0.5734265734265734,0.5384615384615384,0.5524475524475524,0.6503496503496503,0.6223776223776224,-0.6465677649354692,-0.5945933027258706,-0.5945933027258706,0.5034965034965035,0.3146853146853147,-0.4965034965034965,0.5674264393540605,0.32867132867132864,0.40559440559440557,0.4965034965034965,0.3006993006993007,0.273205322651955,0.6304738215045116,0.48951048951048953,0.5709290716957521,0.6596531834731537,0.43356643356643354,0.3776223776223776,0.3677763958776318,-0.5569185423289853,-0.6090955784021114,0.5874125874125874,0.7145369977051131,-0.4561431587846275,-0.6381001297545928,-0.5359027482788349,0.8021028062474064,-0.41754642996438984,0.5594405594405595,-0.11888111888111888,-0.7972027972027972,0.5244755244755245,-0.5594405594405595,-0.8321678321678322,-0.7412587412587412,-0.5594405594405595,0.6083916083916084,-0.06655001449214289,0.5804195804195804
11,0.8032632719463595,-0.8186349431603627,-0.5552480484044199,0.9743355922653231,-0.40219890685704773,0.9800379116648475,-0.6549079545282901,-0.4377917304727157,0.9465912535869115,-0.6264336956357558,1.0,-0.4199953186648817,-0.4235546010264485,0.9743355922653231,-0.41643603630331494,-0.41643603630331494,0.8122282646709945,-0.74389001356746,0.6863628403692286,0.7792693539929613,0.9669542620208889,-0.5730444602122539,-0.7545678606521604,0.9724746081771787,-0.40219890685704773,-0.5944001543816546,-0.6549079545282901,-0.6798229310592577,-0.501858812980918,0.9724746081771787,0.9300476107987176,0.9300476107987176,-0.5196552247887519,-0.5552480484044199,0.7794828371831279,-0.8771182271731441,-0.761686425375294,-0.622874413274189,-0.5196552247887519,-0.6335522603588893,-0.4706488048246139,-0.5847454847820961,-0.5445702013197196,-0.6507076278825155,-0.7554342319161647,-0.4805031188115172,0.10677847084700383,-0.59544204852811,0.8182871265700673,0.9743355922653231,-0.7901606842678284,-0.6560559097555224,0.6500663366843591,0.9743355922653231,0.8895975515434937,-0.673883515998879,0.8125829208554489,-0.5872815896585211,0.08898205903916985,0.6727043663361241,-0.7652457077368607,0.3772839303260802,0.5267737895118856,0.6371115427204561,0.3523689537951126,-0.49829953061935117,0.06239662185174805,-0.46270670700368327
12,-0.34032070436307843,0.4965034965034965,0.7552447552447552,-0.42056599461098165,0.6573426573426573,-0.4064952619227814,0.6153846153846154,0.7272727272727273,-0.3886671395960405,0.48951048951048953,-0.4199953186648817,1.0,0.6223776223776224,-0.3843103054203798,0.4755244755244755,0.48951048951048953,-0.4604633420932099,0.4405594405594406,-0.5429080129622184,-0.6448712224790821,-0.36980802974413907,0.6993006993006993,0.3076923076923077,-0.37776993007465615,0.6713286713286714,0.6853146853146853,0.5874125874125874,0.48951048951048953,0.6993006993006993,-0.39593194594363,-0.4133148567728613,-0.4133148567728613,0.6083916083916084,0.5874125874125874,-0.5034965034965035,0.38178692524439867,0.4965034965034965,0.6503496503496503,0.35664335664335667,0.7202797202797203,0.13310002898428577,0.378284292902707,0.7692307692307693,0.6584948802380455,0.5894773128909033,0.5874125874125874,0.22377622377622378,0.7320501594135718,-0.38879218992778214,-0.3843103054203798,0.6013986013986014,0.39930008695285735,-0.6877235317060538,-0.3843103054203798,-0.3957974546111656,0.5429080129622184,-0.4982486811339778,0.6153846153846154,-0.6433566433566433,-0.6223776223776224,0.5314685314685315,-0.46853146853146854,-0.4825174825174825,-0.6573426573426573,-0.5874125874125874,0.6713286713286714,0.19965004347642867,0.7132867132867133
13,-0.12341300268111635,0.0979020979020979,0.8741258741258742,-0.3553057540678983,0.8461538461538461,-0.43858699312721156,0.7762237762237763,0.8321678321678322,-0.2869598507297869,0.4825174825174825,-0.4235546010264485,0.6223776223776224,1.0,-0.3625568919060187,0.16083916083916083,0.9300699300699301,-0.2565940761282773,0.17482517482517482,-0.7075317330217297,-0.4410087069856949,-0.3553057540678983,0.8181818181818182,-0.04895104895104895,-0.35960791420568233,0.951048951048951,0.9020979020979021,0.7902097902097902,0.03496503496503497,0.951048951048951,-0.3559755110318875,-0.26104096217233347,-0.26104096217233347,0.32867132867132864,0.7202797202797203,-0.5804195804195804,0.11908949961751886,0.45454545454545453,0.7692307692307693,0.04195804195804196,0.6853146853146853,-0.32924744011902274,0.45183957207823333,0.8461538461538461,0.8791607177646245,0.8105313052249921,0.6853146853146853,0.5454545454545454,0.795097541564023,-0.3607711311942483,-0.3625568919060187,0.3146853146853147,0.5849396010625191,-0.547371790541553,-0.3625568919060187,-0.2907184843604137,0.8476370266893989,-0.357896939969477,0.8741258741258742,-0.3986013986013986,-0.26573426573426573,0.055944055944055944,0.04895104895104895,-0.15384615384615385,-0.2937062937062937,-0.5944055944055944,0.7272727272727273,0.49036852783684237,0.6153846153846154
14,0.8104672373743079,-0.8411319892219633,-0.5293330621827873,0.9849624060150376,-0.3553057540678983,0.9613160266404963,-0.6453512675927132,-0.4350682702872224,0.9566871955483982,-0.6381001297545928,0.9743355922653231,-0.3843103054203798,-0.3625568919060187,1.0,-0.4495705459634632,-0.3915614432585002,0.8200653875338394,-0.7903740243551207,0.6719059393596607,0.7851540675872981,0.9924812030075187,-0.543835337859028,-0.77587174867888,0.9981185307886832,-0.37705916758225944,-0.5728398892115095,-0.6163467162402317,-0.7106115081357967,-0.4713239594778243,0.9981185307886832,0.9398496240601504,0.9398496240601504,-0.47857509731594466,-0.5510864756971484,0.7541183351645189,-0.9188767711242928,-0.717862645973917,-0.5873421648877503,-0.5510864756971484,-0.6163467162402317,-0.4794139675431093,-0.6174270794115801,-0.5003285108303058,-0.5847397634427318,-0.7276625220178516,-0.48582623515406503,0.1957807216292501,-0.5920036114358092,0.8426063671969799,0.9849624060150376,-0.8483831270600837,-0.5920036114358092,0.6985560211371377,1.0,0.9443002391000638,-0.6246909274046576,0.8659184012012435,-0.5873421648877503,0.1377716189242871,0.7323649216501578,-0.8121274378694818,0.4495705459634632,0.5583376135352688,0.7106115081357967,0.3263012027154168,-0.5075796486684262,0.18159619982693534,-0.5075796486684262
15,-0.6282843772856833,0.6853146853146853,0.48951048951048953,-0.543835337859028,0.48951048951048953,-0.33874605160231785,0.1958041958041958,0.5174825174825175,-0.49400683163608883,0.4125874125874126,-0.41643603630331494,0.4755244755244755,0.16083916083916083,-0.4495705459634632,1.0,0.04195804195804196,-0.6889375194677033,0.7342657342657343,-0.14360792600936098,-0.7613640884753035,-0.427817132449102,0.46853146853146854,0.5314685314685315,-0.4395207840291673,0.2867132867132867,0.32867132867132864,0.5594405594405595,0.6083916083916084,0.3356643356643357,-0.48310962211470454,-0.5800910270496299,-0.5800910270496299,0.7692307692307693,0.38461538461538464,-0.20279720279720279,0.5288974835954514,0.2727272727272727,0.5874125874125874,0.6083916083916084,0.44755244755244755,0.6024527627709777,0.32924744011902274,0.46853146853146854,0.2031526758181204,0.24561554703787636,0.6993006993006993,-0.21678321678321677,0.325744807777331,-0.756568585805414,-0.45682168380158356,0.4755244755244755,0.3082316460688723,-0.4491255717264025,-0.4495705459634632,-0.5218922189120679,0.31873954309394753,-0.6105300740655785,0.2517482517482518,0.027972027972027972,-0.5664335664335665,0.6853146853146853,-0.8531468531468531,-0.6013986013986014,-0.5244755244755245,-0.48951048951048953,0.3986013986013986,0.19965004347642867,0.4405594405594406
16,-0.18324961004165763,0.055944055944055944,0.7972027972027972,-0.3480546162297779,0.6433566433566433,-0.44928423686202157,0.8391608391608392,0.7552447552447552,-0.3087542697725555,0.5944055944055944,-0.41643603630331494,0.48951048951048953,0.9300699300699301,-0.3915614432585002,0.04195804195804196,1.0,-0.15114445580158797,0.07692307692307693,-0.7845896445389478,-0.4160459499865046,-0.3843103054203798,0.6993006993006993,0.02097902097902098,-0.3886671395960405,0.916083916083916,0.8671328671328671,0.7132867132867133,0.06993006993006994,0.9230769230769231,-0.37776993007465615,-0.26104096217233347,-0.26104096217233347,0.2727272727272727,0.6503496503496503,-0.5594405594405595,0.15411582303443616,0.42657342657342656,0.6363636363636364,0.11888111888111888,0.5594405594405595,-0.36427376353594004,0.47986063081176716,0.7342657342657343,0.8511396590310907,0.8280752728705546,0.5804195804195804,0.5314685314685315,0.7075317330217297,-0.32224217543563927,-0.36980802974413907,0.3076923076923077,0.6584948802380455,-0.45263436525551504,-0.3915614432585002,-0.26620005796857155,0.8756580854229328,-0.2736858952707765,0.8811188811188811,-0.2937062937062937,-0.3146853146853147,0.04195804195804196,0.08391608391608392,-0.2097902097902098,-0.3076923076923077,-0.5734265734265734,0.6643356643356644,0.3082316460688723,0.5524475524475524
17,0.7293542329850049,-0.8682018740230751,-0.5553680003872302,0.849223267979487,-0.4850682535027707,0.7975730130909963,-0.48155326615854777,-0.5202181269450005,0.889165924374863,-0.3374387850454057,0.8122282646709945,-0.4604633420932099,-0.2565940761282773,0.8200653875338394,-0.6889375194677033,-0.15114445580158797,1.0,-0.9033517474653049,0.4947213767290106,0.6712837500948297,0.8309995927009572,-0.6783925574350345,-0.6783925574350345,0.8270886319133736,-0.3128338736358449,-0.5483380256987843,-0.6959674941561493,-0.6186377725832438,-0.39719356989719634,0.8289144346328291,0.9148284989821942,0.9148284989821942,-0.5729429371083451,-0.6889375194677033,0.6573026333696965,-0.7535257980071763,-0.6713625827465884,-0.7522072916637169,-0.5167031396007775,-0.7522072916637169,-0.5017636739066478,-0.45774931654641554,-0.6116077978947979,-0.4964819510234199,-0.5626111042859038,-0.6713625827465884,0.29525893691473,-0.6197221516320702,0.9207803559760589,0.845578532923781,-0.7416623296310481,-0.3591571560594953,0.6754860593777465,0.8200653875338394,0.836272789844413,-0.42253783065822975,0.8730172307884714,-0.5096731649123316,0.1757493672111488,0.6151227852390209,-0.8295370132366224,0.5307630889776694,0.4534333674047639,0.5448230383545614,0.27065402550516915,-0.5237331142892234,-0.11795847772542246,-0.5448230383545614
18,-0.7778758956870364,0.8811188811188811,0.46153846153846156,-0.8193785757076022,0.4125874125874126,-0.7345440697902892,0.3916083916083916,0.5104895104895105,-0.8463499394941816,0.42657342657342656,-0.74389001356746,0.4405594405594406,0.17482517482517482,-0.7903740243551207,0.7342657342657343,0.07692307692307693,-0.9033517474653049,1.0,-0.4623474691033085,-0.7197594934766529,-0.8121274378694818,0.5874125874125874,0.7692307692307693,-0.8027611014086443,0.3006993006993007,0.44755244755244755,0.6013986013986014,0.7482517482517482,0.3356643356643357,-0.7991286982348496,-0.8773876784125652,-0.8773876784125652,0.5944055944055944,0.5804195804195804,-0.6293706293706294,0.7775843798555643,0.6503496503496503,0.6503496503496503,0.6083916083916084,0.6363636363636364,0.6725054096048124,0.6304738215045116,0.5314685314685315,0.3922948222694739,0.4280728105517274,0.6713286713286714,-0.24475524475524477,0.5218922189120679,-0.8616475560561658,-0.8266297135457226,0.7272727272727273,0.4133106163196243,-0.6245652481820285,-0.7903740243551207,-0.8511396590310907,0.3607711311942483,-0.8491280340452297,0.43356643356643354,-0.16083916083916083,-0.6503496503496503,0.8461538461538461,-0.6993006993006993,-0.5454545454545454,-0.6083916083916084,-0.38461538461538464,0.6083916083916084,-0.03152369107522558,0.6573426573426573
19,0.5001368233846246,-0.4308237780280829,-0.7705791151721808,0.6355866993942737,-0.43432641036977465,0.7161856254350157,-0.9597212616235343,-0.756568585805414,0.7077408098701415,-0.7180396300468049,0.6863628403692286,-0.5429080129622184,-0.7075317330217297,0.6719059393596607,-0.14360792600936098,-0.7845896445389478,0.4947213767290106,-0.4623474691033085,1.0,0.5168012678586511,0.6900655593423543,-0.7530659534637222,-0.46935273378669196,0.6822694182552779,-0.7880922768806395,-0.8581449237144742,-0.7495633211220305,-0.4308237780280829,-0.8126107032724816,0.6513398712943719,0.6501143953804285,0.6501143953804285,-0.3327500724607145,-0.7390554240969552,0.8161133356141733,-0.44912280701754387,-0.6725054096048124,-0.6830133066298876,-0.36427376353594004,-0.690018571313271,0.042105263157894736,-0.7228070175438597,-0.7670764828304891,-0.8947368421052632,-0.8857658670540168,-0.6094580274543612,-0.44483430739484986,-0.7333333333333333,0.5631578947368421,0.6973294073354317,-0.6024527627709777,-0.6912280701754386,0.5799657462853681,0.6719059393596607,0.5543859649122806,-0.8385964912280702,0.48857720444646163,-0.8826633501063162,0.36427376353594004,0.5814369687208274,-0.39930008695285735,0.1366026613259775,0.44483430739484986,0.4938711601785341,0.46935273378669196,-0.8301238649809403,-0.18596491228070175,-0.7740817475138726
20,0.8121143410692222,-0.7946477644742238,-0.6448712224790821,0.8326084343096074,-0.5158969779832657,0.7149207027084304,-0.5533411134820512,-0.5699829514815113,0.7304459457456571,-0.7946477644742238,0.7792693539929613,-0.6448712224790821,-0.4410087069856949,0.7851540675872981,-0.7613640884753035,-0.4160459499865046,0.6712837500948297,-0.7197594934766529,0.5168012678586511,1.0,0.7463277675417724,-0.5325388159827259,-0.723919952976518,0.7671843513009121,-0.49509468048394045,-0.540859734982456,-0.6448712224790821,-0.7946477644742238,-0.5783038704812414,0.8060838395358879,0.7678979342337312,0.7678979342337312,-0.7946477644742238,-0.44516916648555993,0.545020194482321,-0.8147955473094055,-0.540859734982456,-0.6074270869802967,-0.6656735199784074,-0.5325388159827259,-0.5959885589015089,-0.5709820459406064,-0.5699829514815113,-0.5334722764992527,-0.6137372457145627,-0.6074270869802967,0.04160459499865046,-0.5251367721789519,0.779369653948127,0.7549558342185559,-0.728080412476383,-0.687679106424818,0.6283500372791951,0.7851540675872981,0.758530893147375,-0.687679106424818,0.7410772864920739,-0.5158969779832657,0.08320918999730093,0.8071291429738189,-0.8071291429738189,0.7738454669748985,0.7738454669748985,0.815450061973549,0.6656735199784074,-0.5325388159827259,0.04792914984172974,-0.5325388159827259
21,0.8221007383892501,-0.8483831270600837,-0.5075796486684262,0.9699248120300752,-0.3480546162297779,0.9724081346401944,-0.6381001297545928,-0.44231940812534276,0.9679866506139304,-0.5945933027258706,0.9669542620208889,-0.36980802974413907,-0.3553057540678983,0.9924812030075187,-0.427817132449102,-0.3843103054203798,0.8309995927009572,-0.8121274378694818,0.6900655593423543,0.7463277675417724,1.0,-0.5655887513733892,-0.7903740243551207,0.9981185307886832,-0.3843103054203798,-0.5873421648877503,-0.6235978540783521,-0.717862645973917,-0.4640728216397039,0.9868190757231509,0.9473684210526315,0.9473684210526315,-0.48582623515406503,-0.5800910270496299,0.7686206108407596,-0.9079809991346767,-0.77587174867888,-0.601844440563991,-0.5800910270496299,-0.6381001297545928,-0.4903097395327254,-0.6319547753977349,-0.5148307865065466,-0.5920036114358092,-0.7131092715774946,-0.5075796486684262,0.21028299730549083,-0.5992674594288866,0.8353425192039026,0.9924812030075187,-0.8338808513838429,-0.606531307421964,0.6730878328665129,0.9924812030075187,0.9297725431139089,-0.5956355354323479,0.8513651507608865,-0.5945933027258706,0.13052048108616673,0.6961092324595558,-0.8048763000313615,0.4133148567728613,0.5148307865065466,0.6526024054308336,0.3190500648772964,-0.5293330621827873,0.17433235183385792,-0.5293330621827873
22,-0.39267773580355203,0.43356643356643354,0.9020979020979021,-0.543835337859028,0.8601398601398601,-0.6026113970609654,0.7832167832167832,0.9230769230769231,-0.5848169109809581,0.3916083916083916,-0.5730444602122539,0.6993006993006993,0.8181818181818182,-0.543835337859028,0.46853146853146854,0.6993006993006993,-0.6783925574350345,0.5874125874125874,-0.7530659534637222,-0.5325388159827259,-0.5655887513733892,1.0,0.23076923076923078,-0.5557576855905999,0.8671328671328671,0.9370629370629371,0.916083916083916,0.25874125874125875,0.8881118881118881,-0.5375956697216261,-0.5728398892115095,-0.5728398892115095,0.48951048951048953,0.951048951048951,-0.7552447552447552,0.3362527048024062,0.6713286713286714,0.972027972027972,0.27972027972027974,0.9370629370629371,-0.045534220441992505,0.5954474980875943,0.958041958041958,0.8861659824480079,0.8070225116958795,0.9090909090909091,0.2867132867132867,0.9281975705483088,-0.6725054096048124,-0.5800910270496299,0.5174825174825175,0.5183895865703763,-0.7017587058225039,-0.543835337859028,-0.5429080129622184,0.7390554240969552,-0.6491268028858161,0.9090909090909091,-0.42657342657342656,-0.3986013986013986,0.38461538461538464,-0.21678321678321677,-0.23076923076923078,-0.38461538461538464,-0.5874125874125874,0.8531468531468531,0.5324001159371431,0.7972027972027972
23,-0.9274674140883896,0.9020979020979021,0.2097902097902098,-0.7976251621932411,-0.03496503496503497,-0.7345440697902892,0.35664335664335667,0.2097902097902098,-0.8463499394941816,0.6153846153846154,-0.7545678606521604,0.3076923076923077,-0.04895104895104895,-0.77587174867888,0.5314685314685315,0.02097902097902098,-0.6783925574350345,0.7692307692307693,-0.46935273378669196,-0.723919952976518,-0.7903740243551207,0.23076923076923078,1.0,-0.7845990855396705,0.08391608391608392,0.23776223776223776,0.34965034965034963,0.951048951048951,0.13986013986013987,-0.7809666823658757,-0.8628854027363244,-0.8628854027363244,0.6503496503496503,0.22377622377622378,-0.46153846153846156,0.8651501883978576,0.6293706293706294,0.2937062937062937,0.8251748251748252,0.3076923076923077,0.8161133356141733,0.5008764248619175,0.2517482517482518,0.25919479328518813,0.3438617658530269,0.3076923076923077,-0.27972027972027974,0.18563951410966176,-0.6795106742881958,-0.8048763000313615,0.6923076923076923,0.5744317040374439,-0.3403529723239144,-0.77587174867888,-0.690018571313271,0.31873954309394753,-0.5649157581871157,0.20279720279720279,0.1048951048951049,-0.7342657342657343,0.8741258741258742,-0.6573426573426573,-0.7132867132867133,-0.5874125874125874,-0.27972027972027974,0.3356643356643357,-0.32924744011902274,0.38461538461538464
24,0.8178226961048164,-0.8463499394941816,-0.5194336538526522,0.9792861056794627,-0.35234310785809275,0.9686846309489517,-0.6429353617616744,-0.4395207840291673,0.9641509433962264,-0.617508539545111,0.9724746081771787,-0.37776993007465615,-0.35960791420568233,0.9981185307886832,-0.4395207840291673,-0.3886671395960405,0.8270886319133736,-0.8027611014086443,0.6822694182552779,0.7671843513009121,0.9981185307886832,-0.5557576855905999,-0.7845990855396705,1.0,-0.3814023332484509,-0.5811845078071634,-0.6211409427189059,-0.7155834252375698,-0.46858000941952543,0.9943396226415094,0.9453877404828659,0.9453877404828659,-0.48310962211470454,-0.5666548951119842,0.7628046664969018,-0.915150713019746,-0.7482750538017228,-0.5957141205023424,-0.5666548951119842,-0.6284057490664954,-0.4857758257977578,-0.6258684796795082,-0.5085364443312679,-0.5894807773725601,-0.7217438356028176,-0.4976392348098836,0.20341457773250715,-0.5967583178339497,0.8405559232905023,0.9905855607449949,-0.8427175363203868,-0.6003970880646445,0.6871147121774299,0.9981185307886832,0.9388027195192623,-0.611313398756729,0.8602603293043685,-0.5920817173285476,0.13439891743040652,0.7155834252375698,-0.8100259077562338,0.4322559776815777,0.5375956697216261,0.6828917966734169,0.3232838824677346,-0.5194336538526522,0.17829974130404594,-0.5194336538526522
25,-0.2318668535220974,0.18181818181818182,0.9090909090909091,-0.36980802974413907,0.8041958041958042,-0.4278897493924015,0.8251748251748252,0.9370629370629371,-0.35234310785809275,0.5734265734265734,-0.40219890685704773,0.6713286713286714,0.951048951048951,-0.37705916758225944,0.2867132867132867,0.916083916083916,-0.3128338736358449,0.3006993006993007,-0.7880922768806395,-0.49509468048394045,-0.3843103054203798,0.8671328671328671,0.08391608391608392,-0.3814023332484509,1.0,0.9370629370629371,0.8391608391608392,0.17482517482517482,0.9790209790209791,-0.3705051237270666,-0.33355234055353716,-0.33355234055353716,0.42657342657342656,0.7832167832167832,-0.6013986013986014,0.15411582303443616,0.48951048951048953,0.8111888111888111,0.20279720279720279,0.7132867132867133,-0.23467636689334598,0.5744317040374439,0.9020979020979021,0.8791607177646245,0.7929873375794294,0.8041958041958042,0.5594405594405595,0.8021028062474064,-0.4378290427114664,-0.3915614432585002,0.36363636363636365,0.6339764538462034,-0.5508805840706655,-0.37705916758225944,-0.3152369107522558,0.8476370266893989,-0.3754409076150396,0.916083916083916,-0.4125874125874126,-0.3776223776223776,0.15384615384615385,-0.11888111888111888,-0.2867132867132867,-0.35664335664335667,-0.6783216783216783,0.8601398601398601,0.4623474691033085,0.7762237762237763
26,-0.36649922008331526,0.3916083916083916,0.9230769230769231,-0.5583376135352688,0.7832167832167832,-0.6240058845305855,0.8951048951048951,0.916083916083916,-0.5702872982857791,0.5384615384615384,-0.5944001543816546,0.6853146853146853,0.9020979020979021,-0.5728398892115095,0.32867132867132864,0.8671328671328671,-0.5483380256987843,0.44755244755244755,-0.8581449237144742,-0.540859734982456,-0.5873421648877503,0.9370629370629371,0.23776223776223776,-0.5811845078071634,0.9370629370629371,1.0,0.8951048951048951,0.2867132867132867,0.951048951048951,-0.5630224919381894,-0.543835337859028,-0.543835337859028,0.45454545454545453,0.8741258741258742,-0.6993006993006993,0.34676060182748136,0.6503496503496503,0.8881118881118881,0.3076923076923077,0.8601398601398601,-0.1576184553761279,0.5569185423289853,0.9370629370629371,0.924694938206617,0.898251143452805,0.8181818181818182,0.34265734265734266,0.8896686147896997,-0.598950130429286,-0.5945933027258706,0.5664335664335665,0.598950130429286,-0.6947411187642789,-0.5728398892115095,-0.4938711601785341,0.8301238649809403,-0.5543893775997781,0.951048951048951,-0.46153846153846156,-0.4755244755244755,0.34265734265734266,-0.11188811188811189,-0.2937062937062937,-0.4195804195804196,-0.5314685314685315,0.8391608391608392,0.416813248661316,0.7832167832167832
27,-0.4936520107244654,0.48951048951048953,0.916083916083916,-0.6453512675927132,0.8181818181818182,-0.6596633636466189,0.7552447552447552,0.9090909090909091,-0.650200168109264,0.5524475524475524,-0.6549079545282901,0.5874125874125874,0.7902097902097902,-0.6163467162402317,0.5594405594405595,0.7132867132867133,-0.6959674941561493,0.6013986013986014,-0.7495633211220305,-0.6448712224790821,-0.6235978540783521,0.916083916083916,0.34965034965034963,-0.6211409427189059,0.8391608391608392,0.8951048951048951,1.0,0.34965034965034963,0.8601398601398601,-0.6247733458927006,-0.6743558189451947,-0.6743558189451947,0.6223776223776224,0.8881118881118881,-0.6783216783216783,0.378284292902707,0.5804195804195804,0.965034965034965,0.3146853146853147,0.7692307692307693,0.0560421174670677,0.5148869542286845,0.9440559440559441,0.8196159679558651,0.7719345764047543,0.9230769230769231,0.3076923076923077,0.7670764828304891,-0.8056054385890982,-0.6381001297545928,0.46153846153846156,0.6725054096048124,-0.5543893775997781,-0.6163467162402317,-0.5359027482788349,0.8301238649809403,-0.5894773128909033,0.8601398601398601,-0.20279720279720279,-0.5174825174825175,0.45454545454545453,-0.3076923076923077,-0.45454545454545453,-0.3916083916083916,-0.6153846153846154,0.8251748251748252,0.45534220441992507,0.7202797202797203
28,-0.8676308067278483,0.9090909090909091,0.27972027972027974,-0.7468671973263985,0.06993006993006994,-0.6525318678234123,0.34965034965034963,0.2937062937062937,-0.7482750538017228,0.6503496503496503,-0.6798229310592577,0.48951048951048953,0.03496503496503497,-0.7106115081357967,0.6083916083916084,0.06993006993006994,-0.6186377725832438,0.7482517482517482,-0.4308237780280829,-0.7946477644742238,-0.717862645973917,0.25874125874125875,0.951048951048951,-0.7155834252375698,0.17482517482517482,0.2867132867132867,0.34965034965034963,1.0,0.2097902097902098,-0.7228482315851594,-0.7831228865170003,-0.7831228865170003,0.7412587412587412,0.20279720279720279,-0.3706293706293706,0.8441343943477072,0.5944055944055944,0.3076923076923077,0.8601398601398601,0.3356643356643357,0.8056054385890982,0.45534220441992507,0.3146853146853147,0.25218952860180466,0.32982659173657686,0.34965034965034963,-0.2727272727272727,0.22767110220996253,-0.6164632921377446,-0.7323649216501578,0.7412587412587412,0.5534159099872935,-0.42105522349350233,-0.7106115081357967,-0.6409817185295867,0.31173427841056406,-0.5543893775997781,0.2097902097902098,-0.055944055944055944,-0.8041958041958042,0.8951048951048951,-0.7412587412587412,-0.7692307692307693,-0.6783216783216783,-0.34965034965034963,0.38461538461538464,-0.34676060182748136,0.46853146853146854
29,-0.31414218864284166,0.2517482517482518,0.9440559440559441,-0.4640728216397039,0.8111888111888111,-0.5099019513592784,0.8811188811188811,0.9230769230769231,-0.4395207840291673,0.6223776223776224,-0.501858812980918,0.6993006993006993,0.951048951048951,-0.4713239594778243,0.3356643356643357,0.9230769230769231,-0.39719356989719634,0.3356643356643357,-0.8126107032724816,-0.5783038704812414,-0.4640728216397039,0.8881118881118881,0.13986013986013987,-0.46858000941952543,0.9790209790209791,0.951048951048951,0.8601398601398601,0.2097902097902098,1.0,-0.46494760624573067,-0.4133148567728613,-0.4133148567728613,0.44755244755244755,0.8041958041958042,-0.6713286713286714,0.25919479328518813,0.5244755244755245,0.8391608391608392,0.23776223776223776,0.7692307692307693,-0.19614741113473694,0.6059553951126695,0.9020979020979021,0.9281975705483088,0.8771983822781299,0.7972027972027972,0.5104895104895105,0.8546422913727824,-0.5148869542286845,-0.4713239594778243,0.44755244755244755,0.6479869832129702,-0.6315828352402535,-0.4713239594778243,-0.416813248661316,0.9071817764981583,-0.47719591995930266,0.9440559440559441,-0.3916083916083916,-0.43356643356643354,0.23076923076923078,-0.16783216783216784,-0.32167832167832167,-0.44755244755244755,-0.6923076923076923,0.8251748251748252,0.46935273378669196,0.7412587412587412
30,0.8119949809306729,-0.8536147458417711,-0.5375956697216261,0.9905855607449949,-0.36687272055327186,0.953867275217419,-0.6284057490664954,-0.4395207840291673,0.9528301886792453,-0.6465677649354692,0.9724746081771787,-0.39593194594363,-0.3559755110318875,0.9981185307886832,-0.48310962211470454,-0.37776993007465615,0.8289144346328291,-0.7991286982348496,0.6513398712943719,0.8060838395358879,0.9868190757231509,-0.5375956697216261,-0.7809666823658757,0.9943396226415094,-0.3705051237270666,-0.5630224919381894,-0.6247733458927006,-0.7228482315851594,-0.46494760624573067,1.0,0.9453877404828659,0.9453877404828659,-0.5049040411574731,-0.5448604760692156,0.7337454411065437,-0.9206088683657883,-0.6937890061948012,-0.5920817173285476,-0.5484928792430104,-0.6029789268499319,-0.4966921364898423,-0.5931195476032549,-0.5049040411574731,-0.5658287708730437,-0.7108083229421689,-0.49400683163608883,0.20341457773250715,-0.5785644666804756,0.8587497744439764,0.9792861056794627,-0.8463499394941816,-0.5894807773725601,0.6944050539511957,0.9981185307886832,0.9424414897499571,-0.6222297094488134,0.8675506710781343,-0.5739197014595738,0.13439891743040652,0.7555398601493123,-0.8318203267990025,0.48310962211470454,0.5920817173285476,0.7264806347589542,0.33418109198911894,-0.5049040411574731,0.1892160519961304,-0.5049040411574731
