,1,2,3,4,5,6,7,8,9,10,11,12,13,14,15,16,17,18,19,20,21,22,23,24,25,26,27,28,29,30,31,32,33,34,35,36,37,38,39,40,41,42,43,44,45,46,47,48,49,50,51,52,53,54,55,56,57,58,Sample,moisture_content,pH,N_prop,C_prop,NH4N_prop,Si04Si_prop,N02N_prop,PO4P_prop,NO3N_prop
1,1.0,0.13529482319205843,0.2445960974111027,0.19946577212253375,0.08866663168500931,0.15084396036227227,0.31494213606734206,0.3047541667518804,0.652616737465305,0.18452507231866977,0.16811851635142372,0.43035418611758586,0.04954097425240294,0.14973350040061792,0.11681685140076119,0.07041465537901911,0.9489741650021488,0.06282678166761428,0.8624064207102324,0.09980709047872172,0.14812629591629345,0.16025471337424524,0.22373179062499277,0.13359112731314465,0.10391195188410457,0.28024645829719286,0.18504119237398423,0.26914885686140255,0.12571048857877737,0.13370030238932284,0.9665979608009679,0.9668561538021154,0.47376296004266927,0.05278646555312848,0.8240698902778923,0.07995824776294246,0.11308076499375237,0.16229255490894676,0.3281325942817826,0.2638039259725965,0.08159051794497602,0.49798620087996864,0.18667294912694968,0.2292464373984423,0.19789253147142796,0.2074302968941672,0.0355139553168628,0.1534611719491383,0.9266583160252381,0.17023073414781983,0.41427106314674594,0.14722003128416042,0.17528143472903782,0.14773642783837315,0.15267038482966944,0.3608767562032291,0.14934781968573202,0.21965796502201204,0.03432041698781481,0.5526300015945803,0.45898969278869384,0.7738246995515593,0.8053257363902748,0.5458785586966974,0.4408877310599308,0.4145358734624393,0.02428684254168325,0.1615099800031624
2,0.13529482319205843,1.0,0.019278661229872658,0.17399891118563213,0.02425442024437891,0.1660231089786527,0.05498106618124265,0.025506718171879623,0.21806251130152077,0.03695928369799993,0.17006038657074854,0.14483982105559384,0.03886338568837158,0.1704021076147227,0.09127079026131411,0.04555664221356745,0.14980430835570246,0.21951157619259584,0.08102620359612127,0.13301638694056345,0.1744106283485938,0.019317801945216154,0.3659575201154661,0.1651192425633653,0.04841819799227493,0.04008751134576991,0.01694344516940284,0.4440501113781581,0.03998604087092704,0.16441864945662168,0.148212505209582,0.1380698359633808,0.16303740955162477,0.032856080134269126,0.16031935275788464,0.9258790624848596,0.04519014459737854,0.026877056808568212,0.2696014800025205,0.09103743500799676,0.5574234962472018,0.10965770495667732,0.01617395538000067,0.02175870868043351,0.02481840114831313,0.01789836964780024,0.13433133094993793,0.027151543557310063,0.18677484409630304,0.17801497125879984,0.2922863786209299,0.031937787498845134,0.21088577645844303,0.16745068262921226,0.18394985596701272,0.02974940950608193,0.2007884689819904,0.015652019854417026,0.058292203893144934,0.2621601555807564,0.45760300795563413,0.13516234797615778,0.13474741324798223,0.1887393749686976,0.1303211116818158,0.08336823867529641,0.06962772411502398,0.02700641792608123
3,0.2445960974111027,0.019278661229872658,1.0,0.31614076053407775,0.6870217508597384,0.30262014406551635,0.5955085650979376,0.8976446383170313,0.4135428345409284,0.16833389123409678,0.30718789931966944,0.4449107499401567,0.27449111430628287,0.3029865519209643,0.11238802011338735,0.37640345596293484,0.26984248023300467,0.019755549036418404,0.15821558674463695,0.2404968810098454,0.31943702727888207,0.8324378943669216,0.01759024877729131,0.28977417746192763,0.6025616134763707,0.7832484571244147,0.7233430546639643,0.039377654326958805,0.80758915257578,0.3058137864839166,0.25597862741920685,0.23378370685872008,0.2596659150420832,0.11045645280107137,0.30877641724267346,0.026040359799327194,0.11267263678354832,0.6824702772829511,0.0421753592726995,0.5350016616607538,0.051401433758948706,0.2543784859953044,0.7203532749169264,0.5401011126718333,0.6056041068104581,0.6054579900000862,0.20650043812595836,0.4111446904049167,0.331071946798556,0.3199733975398451,0.41001402345962257,0.06765059913754791,0.35794562502771354,0.30199774637551197,0.32800414297723557,0.7071696218100695,0.3271781079771492,0.6996466680966813,0.12659026991853226,0.2960766019871067,0.1798454352115392,0.12447921408332754,0.1354308510435074,0.34092880082836136,0.37045934792839896,0.5931981329507443,0.08378269005453744,0.25760592414592426
4,0.19946577212253375,0.17399891118563213,0.31614076053407775,1.0,0.36915612350306887,0.8994690071456451,0.38584934788002734,0.39580146819368983,0.6842215707448384,0.25055440311441474,0.9837877131733191,0.49692435857838685,0.06853196376916411,0.9604544082073919,0.1283141705009029,0.09138282700445423,0.19570526175671737,0.07575497475056969,0.06474563030750179,0.9400452456938061,0.9630809639376334,0.19883022536973363,0.20797922304731584,0.9275131350424954,0.14173354439738617,0.39025583395737284,0.23153759751138042,0.33539823502206173,0.1727227709039288,0.928369496414884,0.1712626157825413,0.1468919158983861,0.599151436555044,0.05439106044351764,0.20258263365420198,0.10654986535562579,0.14186058630655213,0.2083047652424893,0.3553894738284673,0.33944965922799164,0.09368552867396535,0.4984618496736379,0.2187701108262824,0.29968841776564425,0.25934879658753335,0.3146458562489888,0.02939447246292395,0.19019674801817574,0.3068282830346608,0.9773882750855093,0.6270490182489629,0.2261452575358545,0.727713508709701,0.9791099880438463,0.9409762491496972,0.5045734188848492,0.9376103094899865,0.2806781329434316,0.06590874855078935,0.5783470284361941,0.5867135253734288,0.08877145305152294,0.09721937991668433,0.5539782292941469,0.5297340449003379,0.5349616646792124,0.23958573934165503,0.1889436789041606
5,0.08866663168500931,0.02425442024437891,0.6870217508597384,0.36915612350306887,1.0,0.3530001544123511,0.24333615330171685,0.6399181392713016,0.26370905654285287,0.044322129302808655,0.3708932963861772,0.35617046273422776,0.12133612820853128,0.3663649478144027,0.1801137772051779,0.15354709511763684,0.0982531506722053,0.01654031335599676,0.0377910522412132,0.35845684725110294,0.3813367365826336,0.6661181209970181,0.0283033136755766,0.3573686099628405,0.36487376397285465,0.46915073063474966,0.597565551923823,0.021909238987296385,0.5760310519244842,0.3722140451275153,0.08539488663312864,0.0737884988198727,0.24385327641175672,0.09314031038734104,0.10693119653619951,0.018847759971907678,0.10034131679236931,0.7131630688698575,0.049942743421695704,0.4411709942047645,0.020144697233838726,0.16247564049157673,0.5967570984679461,0.2832686458533514,0.3315977191319125,0.6351380696301517,0.07447734431694221,0.26801356966181994,0.14108631331425772,0.37306749772875364,0.25137176967128216,0.04032495692000366,0.38399954682255466,0.3733458205026244,0.37843100471155666,0.38821578276407437,0.41125217740188824,0.4007785793554527,0.07335781340445133,0.1837002676287963,0.12909140130054322,0.037767441456357534,0.03845301493832381,0.21466722042542039,0.2610619655899285,0.38925007036830844,0.1156726999731547,0.1868180852092766
6,0.15084396036227227,0.1660231089786527,0.30262014406551635,0.8994690071456451,0.3530001544123511,1.0,0.37536874449493585,0.36839457254356783,0.5927611497629152,0.22891832800013504,0.847971931566731,0.42292307927788864,0.06803246127354633,0.9792735752619969,0.10837978651426769,0.0929278132240119,0.13400303029396832,0.07221281021439446,0.054461098475171735,0.8240087332710311,0.96137538970706,0.19406074111474655,0.17241087798244437,0.9918548227863,0.14278179151008855,0.3796996831836058,0.2203564767343039,0.3003685637991295,0.17147536421099246,0.9892939378474257,0.13231475746955554,0.11666848250850324,0.5011151776881837,0.05848353727788883,0.20728831825055025,0.10527230650034586,0.14205700748020844,0.20096839733097996,0.2656150380514823,0.33241539917019214,0.07972920229387814,0.3649336549470315,0.20743050500353463,0.2838645814957121,0.2555698161925596,0.2691087713419359,0.024686070677904563,0.19577712821774595,0.23232970297035035,0.8570575196664423,0.5775370031965339,0.2064874260912646,0.6019951071807828,0.9510883596251951,0.9715183189830385,0.46375264033187535,0.9465021900370401,0.2817802496240959,0.0763838274576204,0.5410586228950401,0.5496043601793825,0.07117429807785434,0.07761651428566485,0.6286786821993774,0.6487263980294599,0.49845665276161955,0.4727884823302818,0.18540590452334954
7,0.31494213606734206,0.05498106618124265,0.5955085650979376,0.38584934788002734,0.24333615330171685,0.37536874449493585,1.0,0.5480873351196183,0.537478151445675,0.39141936063760574,0.380966897702895,0.35592243492277204,0.36416383454998175,0.37746148495093684,0.024916822350666282,0.5277052142425205,0.3381153560685487,0.0228375634830548,0.21020296035933145,0.28158006642375616,0.3934166946562318,0.42890927197291917,0.07160390038729907,0.3614042342465192,0.5280962194571376,0.7847002402931318,0.322888963777545,0.12466162296947066,0.502266286068462,0.37315899137643593,0.3281919821722553,0.30146222961800656,0.2145956804542127,0.12451584851189254,0.42683349012601607,0.034294183302627276,0.19167221161763207,0.24270709095027745,0.07401879614591819,0.5054670924305247,0.030126941854477417,0.41019439318909795,0.30547293037633,0.79803877216661,0.7859929501763185,0.2455349448390951,0.23340557610842147,0.5449264261029715,0.41005405353914653,0.40515633389345357,0.6351183295850401,0.10951924001115765,0.44570723858405664,0.37283858217019905,0.4114196958029767,0.7031388634179309,0.38256808836358386,0.7612192282871318,0.20358161623440651,0.3729184195614796,0.2776188546454027,0.13906149806966983,0.16326321882716088,0.44054416997754,0.4134997548646303,0.5600088785056997,0.10148003969940679,0.27674217335853
8,0.3047541667518804,0.025506718171879623,0.8976446383170313,0.39580146819368983,0.6399181392713016,0.36839457254356783,0.5480873351196183,1.0,0.5145097124363976,0.16205427039869427,0.37810854919607767,0.5996076256224543,0.1726369288931933,0.36927877331687375,0.16064175176092185,0.24712254634958616,0.3235988369725444,0.020300066068629313,0.18918118331346492,0.30201966308290196,0.38611175163274114,0.7696704069700417,0.03130814288222602,0.3517446779231754,0.5704617794903981,0.7609796053766409,0.6405131278470456,0.06939148422410023,0.6801410242752323,0.3687984725709821,0.30865090761199576,0.28121997825055983,0.36727436097653277,0.16941359157062422,0.35372950064704745,0.023405963292574068,0.18666662041876014,0.6217694850678179,0.07134644889215358,0.5386319378618208,0.033694583822749646,0.3503932754473899,0.8270797053929775,0.5244903829720002,0.4726241990130005,0.7141560937038238,0.1411343882208184,0.4357578804460407,0.3977175309828764,0.38844112624561666,0.45503452340167777,0.08274345792435112,0.40500438271270295,0.3698309585542772,0.38790111022839285,0.7180783711987926,0.38092851319085647,0.6381329831559679,0.14893339843623887,0.34146296091574874,0.22990288688669314,0.1387295990323789,0.15096376100323605,0.42345947806883866,0.45109008904536274,0.811666319076003,0.09566843758485817,0.43698360104259304
9,0.652616737465305,0.21806251130152077,0.4135428345409284,0.6842215707448384,0.26370905654285287,0.5927611497629152,0.537478151445675,0.5145097124363976,1.0,0.2966327492012632,0.6298153941842198,0.6526900113025228,0.07029890930079918,0.6062289943676932,0.15220342986280153,0.10318586993080604,0.6405304972385178,0.09025807805589618,0.36747990121874163,0.4757234327441773,0.6092706775717442,0.261634197176677,0.2928686352644522,0.568785047356645,0.16695538338606739,0.5161199427036584,0.30698778428424445,0.4222961046613412,0.20732734631815525,0.5719734063651517,0.6192247114739615,0.5750411735143153,0.7322981675774034,0.06961447677282795,0.6484842570371417,0.1276207224506601,0.17453610746342085,0.2717455911051556,0.43022637961449955,0.47173314173983066,0.09617780638634801,0.696149390297698,0.288389225130426,0.3765546646606819,0.336375611367249,0.36622544404554563,0.0339871028299471,0.24885220861146934,0.797238931747583,0.6401352063540948,0.8116879819072973,0.22762917364999402,0.5544564691578433,0.6037618198721895,0.6171274619863651,0.6300882107725139,0.6075640668447032,0.36990757716589756,0.06786950641926152,0.8258222607132605,0.7743225760018329,0.37811615956303557,0.40656340082624165,0.8281129255954615,0.7236694636679316,0.7241117548679952,0.12366515797796428,0.24910110701175084
10,0.18452507231866977,0.03695928369799993,0.16833389123409678,0.25055440311441474,0.044322129302808655,0.22891832800013504,0.39141936063760574,0.16205427039869427,0.2966327492012632,1.0,0.23954695775738455,0.1421275845280294,0.15610342443719236,0.23637771480473002,0.0187257793769395,0.19219522339291137,0.17920042659559787,0.01962842088047736,0.1155012502201487,0.19472305562101602,0.2369519532637987,0.05612891328998527,0.2705442936111818,0.22600734794265806,0.07418505034341613,0.1805931459059178,0.10912559818350294,0.2569080450433361,0.07592548703072752,0.228123648550901,0.17492833174305497,0.16456034871328354,0.20372312168196394,0.028844928790632843,0.19466207297266985,0.02187961856375189,0.015762284990307362,0.03889674961448609,0.0899308936025702,0.05795755138180074,0.024094910766404735,0.21583182488003325,0.06446699538245951,0.17971611368296736,0.1573944286664004,0.06120962482662245,0.1503357982619418,0.04883040449554265,0.2275861040397235,0.24427137696891288,0.2713910460846287,0.4305891612166035,0.1338751724883771,0.23506372220981886,0.23816903282389787,0.45295088764566854,0.1959615624778272,0.15400692416520714,0.03028284883906004,0.37385256662398436,0.2824327005137702,0.16898096664101941,0.19803756577612416,0.2626897934256517,0.22488672251353434,0.1955036365531035,0.07975561142755527,0.03635032150637645
11,0.16811851635142372,0.17006038657074854,0.30718789931966944,0.9837877131733191,0.3708932963861772,0.847971931566731,0.380966897702895,0.37810854919607767,0.6298153941842198,0.23954695775738455,1.0,0.4529136609114465,0.06888627346963469,0.9324657872613575,0.11658877141736156,0.09204158381958615,0.17649285389847974,0.07572248540486493,0.05046581916749538,0.9608812403235107,0.9500538488695789,0.19931269705024207,0.19622243407565737,0.8925507471847969,0.14317055408147614,0.3899091454237777,0.229989369619238,0.3091424251031579,0.17252046612463745,0.8976183791540578,0.1477494607502994,0.12358880556251979,0.5287594038529565,0.056407487946704304,0.16955772185112136,0.10693397479414515,0.1426074546517132,0.2068499706154516,0.31821282061675665,0.3434065330791501,0.08263282629595846,0.48313112443963346,0.21043688873266955,0.29521987953105755,0.26096691823007834,0.3123914737017277,0.030440225564095084,0.19193981925452627,0.27679047538422125,0.9964979704049164,0.618372796072991,0.20214733210515828,0.7689908735155428,0.9650635660609079,0.9222504629322144,0.47732433819545717,0.926019041774665,0.2774143569950181,0.07181399704831806,0.5062091378463366,0.5305619848062819,0.06858703096506899,0.07610829159786246,0.4614584181200501,0.4335530160029169,0.5108896348597057,0.19768989497548553,0.18659660006650713
12,0.43035418611758586,0.14483982105559384,0.4449107499401567,0.49692435857838685,0.35617046273422776,0.42292307927788864,0.35592243492277204,0.5996076256224543,0.6526900113025228,0.1421275845280294,0.4529136609114465,1.0,0.0881505643470164,0.4310163753557253,0.2825830847858737,0.10252304486113473,0.41775190604775037,0.039302114044300264,0.23660051305501137,0.3729909664226113,0.43637945367426384,0.35709035743993334,0.11171200437183598,0.404148866619175,0.22773620489540597,0.4330341877053601,0.23992970395006577,0.26955465492078406,0.26534498523474837,0.41628739445872986,0.3949008642367175,0.3655445179007724,0.6540199754873913,0.06935581084130601,0.36987048715103643,0.06723804796696566,0.15151290207180873,0.32379439886515915,0.24204248877093115,0.342919406597997,0.0746372456315557,0.31816617463102,0.5463279272156127,0.29158982952002666,0.23177722427066805,0.3202976572094008,0.046797702252224065,0.24273169843746412,0.5098451953443491,0.44831874431551394,0.5669166938876422,0.08119234404956069,0.5295788330855778,0.4355119849638067,0.42476624080482833,0.4392169785678654,0.42505544201708906,0.2691984767346213,0.17856162951293766,0.5753530708051809,0.49452067449163584,0.25630011189147667,0.268905159731266,0.5540388309693866,0.510350238112088,0.6773109325671705,0.09919135110234743,0.30653295723468743
13,0.04954097425240294,0.03886338568837158,0.27449111430628287,0.06853196376916411,0.12133612820853128,0.06803246127354633,0.36416383454998175,0.1726369288931933,0.07029890930079918,0.15610342443719236,0.06888627346963469,0.0881505643470164,1.0,0.06880802659500602,0.02735521523079712,0.905220799794945,0.04962218568125126,0.043508332379213865,0.0386377913668146,0.06185898908415339,0.06992276697653793,0.1674382317655841,0.0659656539399034,0.06703164718438387,0.38667747373633926,0.1972618791384334,0.06650163480932413,0.031056231640172398,0.32263327902819694,0.07045889841938449,0.04495762033396047,0.043440790613460754,0.01990363011082423,0.019875030899204924,0.05920465847790172,0.04322892221712147,0.021106694777450766,0.055426627450597336,0.054370714774767494,0.07342505246835455,0.07748471643746227,0.07033013837010661,0.09520764766379887,0.35484740806152415,0.3622936122195031,0.043210985490408214,0.7942682657404374,0.2132314265820045,0.05373011575918319,0.07049142588017854,0.09763661017534705,0.01772133786824547,0.10460505314125901,0.06901324842909666,0.07335671431370977,0.17352419921893875,0.07099291256738467,0.2736026012885027,0.18794817541896158,0.07489640661777569,0.030657667196740675,0.038043727566382184,0.04162789798830387,0.06766825878905651,0.0732586176737523,0.08038719828577812,0.03635719967275159,0.04385784592430364
14,0.14973350040061792,0.1704021076147227,0.3029865519209643,0.9604544082073919,0.3663649478144027,0.9792735752619969,0.37746148495093684,0.36927877331687375,0.6062289943676932,0.23637771480473002,0.9324657872613575,0.4310163753557253,0.06880802659500602,1.0,0.11173478995853318,0.09274136000363124,0.1412367782819898,0.0751988158962257,0.04889901137811853,0.9096082758218604,0.9944619237677473,0.1932355829765206,0.18265774372163116,0.9943376139338782,0.14087428884871148,0.38219620534273346,0.22243537890233803,0.30786372717471405,0.1701030343505777,0.9943442743067871,0.13086597509529777,0.11272561244188142,0.513002371485947,0.05584412858105031,0.18599065139277726,0.10841007762378119,0.13956592328329329,0.20149425890161504,0.28581400811850927,0.33451678781321675,0.0822060814578541,0.4033061093968783,0.20487507257523171,0.28603796987982,0.25715835833168277,0.28310365963842266,0.026271844604923992,0.19160352952572618,0.24001654952454343,0.9372885661781313,0.5975613124320559,0.20805027933150017,0.6754524897017777,0.9936241263611251,0.990338077890522,0.4694693538780175,0.9758443947291526,0.2782321877641978,0.07458170974245047,0.5330225270423369,0.5503948893510671,0.06661508018411533,0.07314701941917252,0.5658950525121302,0.5668986201409841,0.5004755134018796,0.36901705412013913,0.18193967819146065
15,0.11681685140076119,0.09127079026131411,0.11238802011338735,0.1283141705009029,0.1801137772051779,0.10837978651426769,0.024916822350666282,0.16064175176092185,0.15220342986280153,0.0187257793769395,0.11658877141736156,0.2825830847858737,0.02735521523079712,0.11173478995853318,1.0,0.03750646064363259,0.12226701258079581,0.22238776908491104,0.06925949716437958,0.10481471417928165,0.11431503701336908,0.08869574651231851,0.05689950378421454,0.10600263384168791,0.01846054000681655,0.0651145373294289,0.0911409080120178,0.12530548589422608,0.040732617819020926,0.11031161869074606,0.11486051797204681,0.10811627622709354,0.2532700530534594,0.03600015828092911,0.08266375667884193,0.062099293894400186,0.023651925818453635,0.1871177939611233,0.1382035848561232,0.06915549465578563,0.07764203428665276,0.06824447972567452,0.18183289033994188,0.021740773430887237,0.017203567842784973,0.22604534370918059,0.05096589749153977,0.019412764769992905,0.1483720413719838,0.11327441947750014,0.13430811717714725,0.020565092604446777,0.15472873359458644,0.11330382195939125,0.11169694799393888,0.055948454775892685,0.13107851043579835,0.019035680717875553,0.039368916558955025,0.2159326333062251,0.21732114139337688,0.15747409964404138,0.13888466518930445,0.13697072523318526,0.12057278364191606,0.16563110912047838,0.04273123432862996,0.04993635657344458
16,0.07041465537901911,0.04555664221356745,0.37640345596293484,0.09138282700445423,0.15354709511763684,0.0929278132240119,0.5277052142425205,0.24712254634958616,0.10318586993080604,0.19219522339291137,0.09204158381958615,0.10252304486113473,0.905220799794945,0.09274136000363124,0.03750646064363259,1.0,0.0712552456452731,0.055029552277198794,0.05670379806166705,0.07843847745821073,0.09486628244694262,0.27105582209533985,0.05342290477620051,0.0904687575560617,0.5632950101135645,0.33926721460771553,0.12821628890942174,0.025776921787871554,0.48572419232260844,0.09452811396180874,0.06664790109336023,0.06378849736815462,0.029998211456705663,0.051856351702271514,0.09115310724601794,0.05331445678911286,0.04972084116064871,0.0964023241407032,0.03810963468408486,0.14472118425591796,0.11604205075677117,0.09977739450739316,0.14374236360743195,0.5477373592259487,0.5755137065620773,0.07574217717399535,0.737565376110018,0.34408034719407943,0.07807573921164254,0.09577808453659402,0.13780604525251267,0.02481726314617689,0.13303555328876707,0.09228597850693697,0.09951666281568458,0.2846085430825447,0.0930736932017984,0.47311632058905445,0.17687840138166272,0.08346882541766452,0.03575886154479472,0.03844417651218621,0.044208336427057876,0.09565831237166356,0.10564821580992982,0.12869764534314604,0.04342083175906886,0.08205516495701153
17,0.9489741650021488,0.14980430835570246,0.26984248023300467,0.19570526175671737,0.0982531506722053,0.13400303029396832,0.3381153560685487,0.3235988369725444,0.6405304972385178,0.17920042659559787,0.17649285389847974,0.41775190604775037,0.04962218568125126,0.1412367782819898,0.12226701258079581,0.0712552456452731,1.0,0.07157946105294415,0.7994087737538518,0.10091786422595972,0.1463125494682588,0.18631669756948857,0.22340876760200615,0.12266588559415963,0.11026145574119965,0.31662524163701083,0.2158072633478826,0.25745201223163094,0.13724180183949028,0.1249621364777635,0.9741046337033618,0.950094191816522,0.4199261565317502,0.05571201946260325,0.7897904779155456,0.09148399734715341,0.11421553377325222,0.19447380842446468,0.2815801932567605,0.3092040121964508,0.06718663169893001,0.5029877533824066,0.20563680764302344,0.2291840413518493,0.2138588344125607,0.23514684577805955,0.03624037978660152,0.16323859971206786,0.9596154218294355,0.18162244897644925,0.46632610847341444,0.11741985168080366,0.21086078490409613,0.14362861932422846,0.15011081482255428,0.357748912543371,0.1501798002373782,0.23059338119606576,0.04479855078620777,0.5036029929050636,0.4413322842989169,0.6996351177694543,0.7354795767995397,0.4492802038801326,0.3429382589181886,0.4385204653985487,0.017258627007687235,0.16956185217299616
18,0.06282678166761428,0.21951157619259584,0.019755549036418404,0.07575497475056969,0.01654031335599676,0.07221281021439446,0.0228375634830548,0.020300066068629313,0.09025807805589618,0.01962842088047736,0.07572248540486493,0.039302114044300264,0.043508332379213865,0.0751988158962257,0.22238776908491104,0.055029552277198794,0.07157946105294415,1.0,0.04439515594500796,0.062311898253569004,0.07738955747319218,0.030392122422474098,0.14795790637555606,0.07344273053703951,0.051076697993076334,0.023881939942063297,0.028421867258542993,0.1924080680964292,0.05040509374485375,0.07330002242980478,0.07008455528803595,0.06614770512754636,0.049448952997368824,0.030929877391061417,0.06642035743393497,0.27113896856794867,0.018744095395843596,0.01605689340191128,0.13634565376954474,0.04217827754523644,0.12752257465297648,0.11475504190025287,0.02826439002912487,0.030790679542449975,0.020493359887181616,0.04637964263538568,0.10261548631791158,0.022397315506769905,0.08498049297144004,0.07932197857814055,0.12370065640273874,0.036487616194513135,0.10750021592759439,0.07432122900587666,0.08293909480860327,0.02150403733103271,0.09734351329834873,0.02830417371891025,0.039778077152065563,0.10908046232214269,0.1775671732184839,0.07662864143106295,0.0688988539563578,0.07913249220818537,0.05399810603029034,0.06098723524985766,0.039994374312425154,0.03193316108517603
19,0.8624064207102324,0.08102620359612127,0.15821558674463695,0.06474563030750179,0.0377910522412132,0.054461098475171735,0.21020296035933145,0.18918118331346492,0.36747990121874163,0.1155012502201487,0.05046581916749538,0.23660051305501137,0.0386377913668146,0.04889901137811853,0.06925949716437958,0.05670379806166705,0.7994087737538518,0.04439515594500796,1.0,0.02443579573838822,0.047788142990497516,0.11609717478922126,0.13990621308457668,0.04404952918699744,0.08171733830159292,0.1828465903659768,0.12689125792574876,0.15248271837427932,0.09216062089911675,0.04411963114576074,0.8825534487608024,0.9236957507076544,0.23910964741133606,0.05501344386895807,0.7824762500894576,0.05112579362999119,0.09011048155333952,0.1100476641987142,0.16868753019994143,0.17681593330102247,0.04576527171547889,0.2769091027887531,0.12963505296556324,0.15520025194464737,0.13853246109773143,0.12143088536491928,0.03339769818427676,0.11903587377621389,0.7040650182092377,0.05264394820191894,0.22636783149384035,0.08598326675312407,0.06268482256237115,0.04582681790191374,0.051859709758071734,0.21201762595468948,0.049062638636472804,0.1572932538714672,0.029395167815935187,0.311696708064744,0.24536557176915913,0.7631983776832518,0.7875744579475513,0.3552496749041819,0.2881094304788378,0.2505768379395827,0.01746243748045431,0.1244627277954987
20,0.09980709047872172,0.13301638694056345,0.2404968810098454,0.9400452456938061,0.35845684725110294,0.8240087332710311,0.28158006642375616,0.30201966308290196,0.4757234327441773,0.19472305562101602,0.9608812403235107,0.3729909664226113,0.06185898908415339,0.9096082758218604,0.10481471417928165,0.07843847745821073,0.10091786422595972,0.062311898253569004,0.02443579573838822,1.0,0.9172101617816731,0.157635737648295,0.1522730364814276,0.8803444147084788,0.12127806713338057,0.29507345635535864,0.17813515063331772,0.2503732964255732,0.1430931066111367,0.8810057763304866,0.08175225477399288,0.06697076855321975,0.4520169895464464,0.0488903596690643,0.09666536001006582,0.0843280496432826,0.12089613360274874,0.1626958203754653,0.2792550609861017,0.2536019591249355,0.08076350183964497,0.375606248723986,0.17249708167325692,0.2376091524172332,0.20087733773710406,0.25979918477387987,0.02795279631169721,0.1525875963231992,0.17094935366479427,0.9444038403590423,0.460915193194712,0.18834353653704627,0.6859810233425614,0.9451494138929649,0.8780292209331612,0.3819348715727791,0.88287337299221,0.21615282593716004,0.06072767176150091,0.392754164623496,0.41387409849790846,0.03795484028671911,0.04199162715289724,0.35943117259172336,0.3539754085708661,0.3950984758854599,0.22288199450561327,0.1537003053513295
21,0.14812629591629345,0.1744106283485938,0.31943702727888207,0.9630809639376334,0.3813367365826336,0.96137538970706,0.3934166946562318,0.38611175163274114,0.6092706775717442,0.2369519532637987,0.9500538488695789,0.43637945367426384,0.06992276697653793,0.9944619237677473,0.11431503701336908,0.09486628244694262,0.1463125494682588,0.07738955747319218,0.047788142990497516,0.9172101617816731,1.0,0.20814380716694605,0.18202689008686673,0.9832199641843433,0.14809343217986246,0.40567452343000066,0.2375408173737014,0.305088757312862,0.1793904265507235,0.9877196074006233,0.13313492447401198,0.1133743823594329,0.499004011336793,0.05867158899820727,0.18563752592873992,0.11110778347910533,0.14336152221176707,0.2172261772574606,0.270488140293086,0.35701850224135445,0.07560789708033248,0.40714233414283385,0.21843428939637974,0.2921999614002922,0.267672777614045,0.2993644855585,0.027060793238439806,0.20031235614667217,0.24630376306292057,0.9590847429996344,0.6271500653653692,0.19484956070943582,0.7158402983110312,0.9947282502148637,0.9946789291297964,0.4770476556851739,0.983865986385878,0.2886383862399453,0.08331296383850202,0.5210294413161434,0.5461362114235118,0.0637730263000562,0.07049781020379846,0.5388405924579719,0.5325658874879753,0.5217825951264623,0.3350497416205624,0.19109168469526452
22,0.16025471337424524,0.019317801945216154,0.8324378943669216,0.19883022536973363,0.6661181209970181,0.19406074111474655,0.42890927197291917,0.7696704069700417,0.261634197176677,0.05612891328998527,0.19931269705024207,0.35709035743993334,0.1674382317655841,0.1932355829765206,0.08869574651231851,0.27105582209533985,0.18631669756948857,0.030392122422474098,0.11609717478922126,0.157635737648295,0.20814380716694605,1.0,0.034682004068928136,0.1857238177507494,0.6977081423804131,0.7727352536901497,0.7025125870120416,0.018926715637323833,0.8999645954446692,0.1975009325482743,0.17753877748851296,0.1611077845208047,0.17247127777095822,0.24737244702108627,0.21081952049129005,0.03571196053098971,0.21085016259180056,0.8085282526389613,0.02998699297972991,0.6559465631254247,0.07767111215071401,0.15120499865182033,0.8175526460319203,0.4994703200551024,0.5916519737525613,0.6052741384769941,0.1251999593514394,0.5298860564808812,0.21674744877587115,0.20987447274686657,0.29244863315529995,0.026437002152144857,0.3074420691138897,0.19369381898671073,0.21180970068314692,0.4794200997887745,0.2167660061221615,0.700871531707082,0.15683760105000125,0.13517847695458274,0.08740496674825257,0.05728062497821141,0.06281485540094166,0.2046214646828761,0.2346489361607098,0.5019085580879683,0.056880813640782596,0.3677465841037878
23,0.22373179062499277,0.3659575201154661,0.01759024877729131,0.20797922304731584,0.0283033136755766,0.17241087798244437,0.07160390038729907,0.03130814288222602,0.2928686352644522,0.2705442936111818,0.19622243407565737,0.11171200437183598,0.0659656539399034,0.18265774372163116,0.05689950378421454,0.05342290477620051,0.22340876760200615,0.14795790637555606,0.13990621308457668,0.1522730364814276,0.18202689008686673,0.034682004068928136,1.0,0.17179292663463458,0.06441404900739722,0.03991732792968205,0.02527078527044982,0.8113420876279573,0.05705035682510231,0.16721928665966956,0.22324093478523135,0.2112284013796752,0.3077522899341506,0.035878349995806094,0.19846955141856457,0.2800126503471837,0.027506830619299285,0.017380506247766398,0.46073295126856056,0.041192806856399394,0.2065386721274981,0.20023499837576325,0.01784909502528491,0.021931511672145968,0.01752018665670798,0.027296551656414935,0.09523207953443802,0.025420105146145296,0.2705655561210876,0.1987091881544874,0.24532507955683303,0.3234095795844134,0.11238810736429554,0.18276932905157142,0.18084020768364412,0.09902644878991204,0.16398721716824216,0.01731919297736328,0.026300300504965433,0.3551383875994631,0.521994799846074,0.22424262894209124,0.24262242729497452,0.23822786843047403,0.16232245118938218,0.11623890829519211,0.052680943685252245,0.02626603118584252
24,0.13359112731314465,0.1651192425633653,0.28977417746192763,0.9275131350424954,0.3573686099628405,0.9918548227863,0.3614042342465192,0.3517446779231754,0.568785047356645,0.22600734794265806,0.8925507471847969,0.404148866619175,0.06703164718438387,0.9943376139338782,0.10600263384168791,0.0904687575560617,0.12266588559415963,0.07344273053703951,0.04404952918699744,0.8803444147084788,0.9832199641843433,0.1857238177507494,0.17179292663463458,1.0,0.13696162164896522,0.3665564672962085,0.2130531270319214,0.2945283360680895,0.1646584810476976,0.9985857537672616,0.11664272779233946,0.10098632085259696,0.4832211816855418,0.055650893835246254,0.1772615635276045,0.10622395327454025,0.1367412361152262,0.19366703711726443,0.26495994972791503,0.32149556200290663,0.07949781110696405,0.36581345200888515,0.19614301052132715,0.2740478511319971,0.24780005035558458,0.2665872585412429,0.024685929772849266,0.18677724943701662,0.21477891353905065,0.8994219731729035,0.5672966966582382,0.20236096765544437,0.6355292031170463,0.9779318055142164,0.985195318037146,0.4472292432199807,0.9662531925406265,0.2693496125550687,0.07481963876798357,0.5103192437609967,0.5283472222367451,0.060050510652319214,0.06582985265873062,0.5657158061339941,0.5782584867559878,0.47677023426530113,0.4279010997086128,0.17631276121320166
25,0.10391195188410457,0.04841819799227493,0.6025616134763707,0.14173354439738617,0.36487376397285465,0.14278179151008855,0.5280962194571376,0.5704617794903981,0.16695538338606739,0.07418505034341613,0.14317055408147614,0.22773620489540597,0.38667747373633926,0.14087428884871148,0.01846054000681655,0.5632950101135645,0.11026145574119965,0.051076697993076334,0.08171733830159292,0.12127806713338057,0.14809343217986246,0.6977081423804131,0.06441404900739722,0.13696162164896522,1.0,0.6383379333846796,0.3243569286040799,0.025387782282608955,0.8626948374987179,0.1441841457613654,0.10484182626691163,0.09686939983727237,0.0707876251972812,0.35196853464178557,0.13881440572982112,0.07519306663711632,0.2904552680601484,0.3209780344625423,0.020753983917154856,0.42187607506062236,0.12960438962995063,0.16071915939597375,0.5050253108386307,0.7627746232793708,0.6707551217972535,0.312932343263791,0.35341347975559423,0.7627862430275612,0.12142301014652777,0.14937856609235312,0.18979350157961863,0.020401174097204367,0.21907051571676958,0.1413875874585613,0.14998782820392031,0.39615412509400505,0.14379442296591935,0.7895055665038351,0.2581135574258713,0.07235386872483897,0.037514990276345264,0.027246642168744267,0.03181529194654369,0.1397797219034374,0.16843068717187373,0.3751026080248161,0.05217786224165829,0.44833519853959175
26,0.28024645829719286,0.04008751134576991,0.7832484571244147,0.39025583395737284,0.46915073063474966,0.3796996831836058,0.7847002402931318,0.7609796053766409,0.5161199427036584,0.1805931459059178,0.3899091454237777,0.4330341877053601,0.1972618791384334,0.38219620534273346,0.0651145373294289,0.33926721460771553,0.31662524163701083,0.023881939942063297,0.1828465903659768,0.29507345635535864,0.40567452343000066,0.7727352536901497,0.03991732792968205,0.3665564672962085,0.6383379333846796,1.0,0.5915517859201469,0.0870420925124771,0.7338565503811938,0.3820603881005504,0.30492840846357,0.27475318980512176,0.2704080316671037,0.22910618347654677,0.3772436920696776,0.022925573495594907,0.2750577710040243,0.5741409928782027,0.08411202070632029,0.7980671684244097,0.043949219812610935,0.33500762144007373,0.5880132488035819,0.7110032192578524,0.8114966762002971,0.5201305336405211,0.11959733036969429,0.6191611870744635,0.38974152503001563,0.4145432171924936,0.6126928787073813,0.06802326904756592,0.5233172544107676,0.38008200455871227,0.4179882239755577,0.7020785280485488,0.408489969991536,0.8612095567725191,0.1883488499608119,0.2960902298479237,0.23074555472957792,0.10051900610698875,0.11518798607542535,0.40276949350957053,0.40371332461604187,0.7042433554102191,0.0971662109327048,0.4184631875509006
27,0.18504119237398423,0.01694344516940284,0.7233430546639643,0.23153759751138042,0.597565551923823,0.2203564767343039,0.322888963777545,0.6405131278470456,0.30698778428424445,0.10912559818350294,0.229989369619238,0.23992970395006577,0.06650163480932413,0.22243537890233803,0.0911409080120178,0.12821628890942174,0.2158072633478826,0.028421867258542993,0.12689125792574876,0.17813515063331772,0.2375408173737014,0.7025125870120416,0.02527078527044982,0.2130531270319214,0.3243569286040799,0.5915517859201469,1.0,0.03154821196015791,0.5706806510981901,0.22271253964537227,0.20803386009669766,0.18871821981679768,0.2603004699611195,0.12600442336918946,0.24431054572964575,0.03235531225193686,0.10251100116737978,0.8292111325007574,0.05506901467970133,0.5196605399086431,0.06179907132804656,0.1795015891582426,0.5887634293015632,0.2979751847160298,0.3932005713433689,0.7003052023358947,0.06005368657339233,0.23213094748800706,0.2648107581136262,0.24171673638845337,0.26662946789342434,0.12115927048440873,0.20925407144215089,0.22218728680900157,0.24228993530513898,0.6008741318696149,0.24080774319626888,0.5174631666280763,0.02759642840094486,0.1882419619699653,0.1322895437610331,0.08829418670133546,0.09685906624416527,0.23565653988138968,0.26538051585514244,0.4303699847030229,0.060386468917764884,0.17852079849726415
28,0.26914885686140255,0.4440501113781581,0.039377654326958805,0.33539823502206173,0.021909238987296385,0.3003685637991295,0.12466162296947066,0.06939148422410023,0.4222961046613412,0.2569080450433361,0.3091424251031579,0.26955465492078406,0.031056231640172398,0.30786372717471405,0.12530548589422608,0.025776921787871554,0.25745201223163094,0.1924080680964292,0.15248271837427932,0.2503732964255732,0.305088757312862,0.018926715637323833,0.8113420876279573,0.2945283360680895,0.025387782282608955,0.0870420925124771,0.03154821196015791,1.0,0.023282344571360837,0.2906529418231741,0.2592451024273779,0.24331494157546124,0.4423258978645014,0.024163209105804866,0.23916531747130193,0.3223538095162009,0.04647993402810603,0.02980668583607777,0.5467973350146791,0.07985473918422459,0.21382169663067252,0.21892108898546953,0.03947408135334513,0.043893773502722576,0.03911840585006783,0.04397992317082647,0.0696510906885901,0.02444009350894532,0.33172289649324627,0.31174462654945434,0.4197355074892856,0.19328121727662648,0.25620395037953975,0.3044350799875691,0.30272105022298496,0.13527344921002754,0.2831795703689209,0.03384516813613926,0.04061002199319069,0.5156969942995585,0.7107235344174067,0.2416776210052565,0.2578539754883398,0.3785351008195538,0.27121324464041247,0.21298596929041358,0.10211282935313493,0.058934570484077804
29,0.12571048857877737,0.03998604087092704,0.80758915257578,0.1727227709039288,0.5760310519244842,0.17147536421099246,0.502266286068462,0.6801410242752323,0.20732734631815525,0.07592548703072752,0.17252046612463745,0.26534498523474837,0.32263327902819694,0.1701030343505777,0.040732617819020926,0.48572419232260844,0.13724180183949028,0.05040509374485375,0.09216062089911675,0.1430931066111367,0.1793904265507235,0.8999645954446692,0.05705035682510231,0.1646584810476976,0.8626948374987179,0.7338565503811938,0.5706806510981901,0.023282344571360837,1.0,0.17372963519731183,0.12971694371363385,0.11923906135791978,0.11529602740876592,0.22789922169835258,0.16303657147609668,0.06336156804859337,0.18221725936612201,0.5831690548284433,0.018212027654850062,0.5229714072474999,0.11696589642115249,0.1457218827386429,0.6359772220362427,0.6411078844045401,0.7234199310801549,0.45569485820043565,0.2628057796250427,0.5889703169451563,0.15822141184608635,0.17982371838779762,0.2265831028286869,0.028247814854369578,0.252203385208311,0.1703436136532532,0.18268931840098687,0.493041375416094,0.18237170170688005,0.8044866547718836,0.1510365737920017,0.10762262674187544,0.05647346285650758,0.04268411510137415,0.04780499620837579,0.17151582870382664,0.206993005167918,0.3869398452303738,0.056754806365889574,0.3025985588497965
30,0.13370030238932284,0.16441864945662168,0.3058137864839166,0.928369496414884,0.3722140451275153,0.9892939378474257,0.37315899137643593,0.3687984725709821,0.5719734063651517,0.228123648550901,0.8976183791540578,0.41628739445872986,0.07045889841938449,0.9943442743067871,0.11031161869074606,0.09452811396180874,0.1249621364777635,0.07330002242980478,0.04411963114576074,0.8810057763304866,0.9877196074006233,0.1975009325482743,0.16721928665966956,0.9985857537672616,0.1441841457613654,0.3820603881005504,0.22271253964537227,0.2906529418231741,0.17372963519731183,1.0,0.11827898546641105,0.10201983560923811,0.47943002165147897,0.05635810595536082,0.17918980096935785,0.10501556939281256,0.13645727521880613,0.20469296623818597,0.2522058728478012,0.3316927200953354,0.07489524151426544,0.363109043388994,0.2092384366265664,0.27954918384128224,0.25502385912866143,0.2764148843004276,0.02621383654731128,0.1925293764057461,0.21817092909642147,0.9064686822662871,0.5828396272975812,0.1936429941470922,0.6539184211579576,0.9794029550688619,0.9900165017212228,0.4563267834337621,0.972029581509658,0.2771903563764971,0.08170885526653494,0.5112705751269685,0.5279457262505629,0.059929434985297236,0.06581270441274409,0.5607810537217433,0.571733650266968,0.4928944970700455,0.41893669398429334,0.1818884263419017
